Category,Sub Category,Ward Name
Electrical,Street Light Not Working,Jagajeevanram Nagar
Electrical,Street Light Not Working,Kammanahalli
Solid Waste (Garbage) Related,Garbage dump,Banaswadi
Electrical,Street Light Not Working,Gandhi Nagar
Solid Waste (Garbage) Related,Garbage dump,Kumaraswamy Layout
Electrical,Street Light Not Working,Jogupalya
Electrical,Street Light Not Working,Vijanapura
Electrical,Street Light Not Working,Shanthi Nagar
Solid Waste (Garbage) Related,Garbage dump,Uttarahalli
Road Maintenance(Engg),footpath encroachment,Doddanekkundi
Electrical,Street Light Not Working,Kengeri
veterinary,Stray dog related complaints,Shankaramata
veterinary,Animal Rescue - Not well - Requires attention,Singasandra
Solid Waste (Garbage) Related,Garbage dump,Kavalbyrasandra
Electrical,Street Light Not Working,Shankaramata
Solid Waste (Garbage) Related,Garbage dump,Thanisandra
Electrical,Street Light Not Working,Giri Nagar
Electrical,Street Light Not Working,Begur
Forest,obstructions Branches / Trees.,Vishwanathnagenahalli
Forest,Removal of dead/fallen trees,Anjanapur
Electrical,Street Light Not Working,Byatarayanapura
Electrical,Street Light Not Working,Doddanekkundi
Solid Waste (Garbage) Related,Garbage dump,Doddanekkundi
Forest,Removal of dead/fallen trees,Gottigere
Health Dept,Unhygienic  premises in hospital,Hoysala Nagar
Others,Others,Singasandra
Road Maintenance(Engg),Potholes,Bilekahalli
Electrical,Street Light Not Working,BTM Layout
Electrical,Street Light Not Working,Gottigere
veterinary,Anti Rabies Vaccination of stray dogs,Varthur
Electrical,Street Light Not Working,Bellandur
Forest,Removal of dead/fallen trees,Uttarahalli
Road Maintenance(Engg),Road side drains,Varthur
Electrical,Street Light Not Working,Basaveshwara Nagar
Solid Waste (Garbage) Related,Garbage dump,Bommanahalli
veterinary,shifting of the street dogs to other places,Jnanabharathi Ward
Electrical,Street Light Not Working,Vidyaranyapura
Electrical,Street Light Not Working,Padarayanapura
Solid Waste (Garbage) Related,Garbage dump,Shiva Nagar
Road Maintenance(Engg),Road side drains,Radhakrishna Temple
Forest,Removal of dead/fallen trees,Giri Nagar
Electrical,Street Light Not Working,Sanjay Nagar
Solid Waste (Garbage) Related,Garbage dump,Hagadooru
Electrical,Street Light Not Working,Benniganahalli
Solid Waste (Garbage) Related,Garbage dump,Padmanabha Nagar
Electrical,Street Light Not Working,Herohalli
Solid Waste (Garbage) Related,Garbage dump,HSR Layout
Forest,obstructions Branches / Trees.,Anjanapur
Solid Waste (Garbage) Related,Garbage dumping in vacant sites,Thanisandra
Solid Waste (Garbage) Related,Sweeping not done,Yelahanka old Satellite Town
Electrical,Street Light Not Working,Chikkalasandra
Electrical,Street Light Not Working,Bagalagunte
Electrical,Street Light Not Working,Basavanagudi
Road Maintenance(Engg),Road side drains,Neelasandra
Electrical,Street Light Not Working,Sarakki
Storm  Water Drain(SWD),Sewerage water left in SWD,Vidyaranyapura
Electrical,Street Light Not Working,Hosahalli
Electrical,Street Light Not Working,Newthippasandra
Electrical,Street Light Not Working,Uttarahalli
Solid Waste (Garbage) Related,Garbage dump,Horamavu
Solid Waste (Garbage) Related,Garbage dump,Byatarayanapura
Electrical,Street Light Not Working,Jnanabharathi Ward
veterinary,Fatally injured - Needs immediate attention,Koramangala
Electrical,Street Light Not Working,Mahalakshmipuram
Electrical,Street Light Not Working,Hagadooru
Solid Waste (Garbage) Related,Garbage transfer not as per norms & area not kept clean,Thanisandra
Road Maintenance(Engg),Road side drains,Bommanahalli
Solid Waste (Garbage) Related,Garbage dumping in vacant sites,Someshwara
Electrical,Street Light Not Working,Kempegowda Ward
Electrical,Street Light Not Working,Hemmigepura
Solid Waste (Garbage) Related,Garbage vehicle not arrived,Banashankari Temple Ward
Electrical,Street Light Not Working,Subedarapalya
Electrical,Street Light Not Working,Thanisandra
Electrical,Street Light Not Working,Shakthiganapathi Nagar
Electrical,Street Light Not Working,Banaswadi
Electrical,Street Light Not Working,Vishwanathnagenahalli
Electrical,Street Light Not Working,Yelachenahalli
Electrical,Street Light Not Working,Arakere
Solid Waste (Garbage) Related,Garbage dump,Hoysala Nagar
Electrical,Street Light Not Working,Hombegowda Nagar
Electrical,Street Light Not Working,HBR Layout
Solid Waste (Garbage) Related,Garbage dump,Benniganahalli
Road Maintenance(Engg),Road cutting,Banashankari Temple Ward
Road Maintenance(Engg),water stagnation,Lakkasandra
Electrical,Requirement For New Street Lights,Herohalli
Electrical,Requirement For New Street Lights,Vidyaranyapura
Electrical,Street Light Not Working,Jakkur
Road Maintenance(Engg),Road side drains,Sarvagna Nagar
Electrical,Street Light Not Working,Ganeshmandira Ward
Advertisement,Flex and banners,Arakere
Solid Waste (Garbage) Related,Garbage dumping in vacant sites,Kadugodi
Solid Waste (Garbage) Related,Garbage vehicle not arrived,Dodda Bidarkallu
Electrical,Street Light Not Working,Kuvempu Nagar
Solid Waste (Garbage) Related,Garbage vehicle not arrived,Hoodi
Electrical,Street Light Not Working,Nandini Layout
Forest,obstructions Branches / Trees.,Nagarabhavi
veterinary,Collect the food available to feed dogs,Basavanagudi
Electrical,Park Lights Not Working,Hampi Nagar
Storm  Water Drain(SWD),Maintenance of SWD,Uttarahalli
Electrical,Street Light Not Working,Someshwara
Electrical,Street Light Not Working,Peenya Industrial Area
Solid Waste (Garbage) Related,Garbage dump,Anjanapur
Solid Waste (Garbage) Related,Garbage vehicle not arrived,Ramamurthy Nagar
veterinary,Stray dog related complaints,J.P.Nagar
Electrical,Street Light Not Working,Horamavu
Electrical,Street Light Not Working,K.R.Puram
Electrical,Street Light Not Working,Visvesvarapuram
Solid Waste (Garbage) Related,Garbage dump,Hemmigepura
Electrical,Street Light Not Working,J.P.Nagar
Forest,obstructions Branches / Trees.,Attiguppe
Electrical,Street Light Not Working,Hoodi
Solid Waste (Garbage) Related,Garbage dumping in vacant sites,S.K.Garden
Electrical,Requirement For New Street Lights,Hemmigepura
Electrical,Street Light Not Working,Shettyhalli
Electrical,Street Light Not Working,Varthur
Solid Waste (Garbage) Related,Garbage dump,Sunkenahalli
veterinary,Animal Rescue - Not well - Requires attention,Uttarahalli
veterinary,Fatally injured - Needs immediate attention,K.R.Puram
Solid Waste (Garbage) Related,Garbage dump,Dodda Bidarkallu
Electrical,Street Light Not Working,Kumaraswamy Layout
Electrical,Street Light Not Working,Yelahanka old Satellite Town
Electrical,Street Light Not Working,Vijay Nagar
Electrical,Street Light Not Working,Cottonpet
Electrical,Street Light Not Working,Vasanth Nagar
Parks and Play grounds,Issues Related to Parks/Medians/Circles/Island.,Someshwara
Electrical,Street Light Not Working,Chikpete
Road Maintenance(Engg),footpath encroachment,Kadugodi
Road Maintenance(Engg),Road side drains,Kadugodi
Solid Waste (Garbage) Related,Garbage dump,Visvesvarapuram
Storm  Water Drain(SWD),Sewerage water left in SWD,Ramamurthy Nagar
Road Maintenance(Engg),Debris Removal / Construction Material,Gali Anjaneya Swamy Temple Ward
Solid Waste (Garbage) Related,Garbage vehicle not arrived,Rajagopala Nagar
Solid Waste (Garbage) Related,Garbage vehicle not arrived,Thanisandra
Electrical,Street Light Not Working,Vignana Nagar
Electrical,Street Light Not Working,Yadiyuru
Road Maintenance(Engg),Potholes,C.V.Raman Nagar
Electrical,Street Light Not Working,Garudacharpalya
Solid Waste (Garbage) Related,Garbage dump,Jakkur
Electrical,Street Light Not Working,Dodda Bidarkallu
Electrical,Street Light Not Working,Okalipuram
Electrical,Street Light Not Working,Jeevanbhima Nagar
Electrical,Street Light Not Working,Kavalbyrasandra
Solid Waste (Garbage) Related,Garbage dump,Vidyaranyapura
Electrical,Street Light Not Working,Malleshwaram
Solid Waste (Garbage) Related,Garbage vehicle not arrived,Jnanabharathi Ward
Electrical,Street Light Not Working,Rajagopala Nagar
Forest,Removal of dead/fallen trees,Pulikeshi Nagar
Electrical,Street Light Not Working,T-Dasarahalli
veterinary,Fatally injured - Needs immediate attention,Chamrajpet
Electrical,Street Light Not Working,Ramamurthy Nagar
Road Infrastructure,Road Infrastructure,Vignana Nagar
Electrical,Street Light Not Working,Basavanapura
Electrical,Street Light Not Working,Singasandra
Electrical,Street Light Not Working,Kodigehalli
Electrical,Street Light Not Working,Ullalu
Road Maintenance(Engg),Footpath,Benniganahalli
Storm  Water Drain(SWD),Sewerage water left in SWD,Kodigehalli
Road Maintenance(Engg),Potholes,Shettyhalli
veterinary,Fatally injured - Needs immediate attention,Shettyhalli
Electrical,Street Light Not Working,Nagapura
Electrical,Street Light Not Working,Sagayapuram
Electrical,Street Light Not Working,Hoysala Nagar
Solid Waste (Garbage) Related,Dead animal(s),Bellandur
Road Maintenance(Engg),footpath encroachment,A.Narayanapura
Electrical,Street Light Not Working,Rajarajeshwari Nagar
veterinary,Stray dog related complaints,Horamavu
Forest,Removal of dead/fallen trees,Gali Anjaneya Swamy Temple Ward
Road Maintenance(Engg),footpath encroachment,Sampangiram Nagar
Electrical,Street Light Not Working,Hegganahalli
Electrical,Street Light Not Working,Binnipet
Electrical,Street Light Not Working,Marathalli
Electrical,Earthing Issue relate to Electric Poles/Panel Boards,Mallasandra
Forest,obstructions Branches / Trees.,Sudam Nagar
Solid Waste (Garbage) Related,Garbage dump,Lingarajapuram
Solid Waste (Garbage) Related,Garbage dump,Vasanthapura
veterinary,Stray dog related complaints,Rajarajeshwari Nagar
Road Maintenance(Engg),water stagnation,Chikpete
Electrical,Earthing Issue relate to Electric Poles/Panel Boards,Kengeri
Solid Waste (Garbage) Related,Dead animal(s),Hagadooru
Road Maintenance(Engg),water stagnation,Byrasandra
Electrical,Street Light Not Working,Hebbal
Solid Waste (Garbage) Related,Garbage dump,Manorayanapalya
Solid Waste (Garbage) Related,Garbage vehicle not arrived,Basavanapura
Road Maintenance(Engg),Road side drains,Arakere
Solid Waste (Garbage) Related,Garbage dump,Subedarapalya
Solid Waste (Garbage) Related,Garbage dump,Begur
Forest,obstructions Branches / Trees.,Nayandanahalli
Storm  Water Drain(SWD),Sewerage water left in SWD,Kuvempu Nagar
Health Dept,Increase in mosquito density,Maruthi Seva Nagar
Solid Waste (Garbage) Related,Garbage vehicle not arrived,Shiva Nagar
Road Maintenance(Engg),Road cutting,Konanakunte
Solid Waste (Garbage) Related,Garbage dump,Hongasandra
veterinary,Stray dog related complaints,Dodda Bidarkallu
Road Maintenance(Engg),footpath encroachment,Rajagopala Nagar
Solid Waste (Garbage) Related,Garbage dump,Yelachenahalli
Solid Waste (Garbage) Related,Burning of Garbage in Open Space,Kengeri
E khata / Khata services,Technical Issue In Ekhata,Arakere
Solid Waste (Garbage) Related,Garbage dump,Jeevanbhima Nagar
Solid Waste (Garbage) Related,Garbage vehicle not arrived,HAL Airport
Plastic,Use of banned single use plastic,Rajarajeshwari Nagar
Solid Waste (Garbage) Related,Garbage dumping in vacant sites,Vignana Nagar
Solid Waste (Garbage) Related,Garbage vehicle not arrived,Hoysala Nagar
Solid Waste (Garbage) Related,Garbage dumping in vacant sites,Kushal Nagar
veterinary,Feeder Harassment  by Individual / Mob but no association,Vijanapura
Forest,obstructions Branches / Trees.,Jayangar
Solid Waste (Garbage) Related,Garbage dump,Vignana Nagar
Forest,Removal of dead/fallen trees,Rajamahal
Others,Others,Attiguppe
veterinary,Animal Rescue - Not well - Requires attention,Anjanapur
Solid Waste (Garbage) Related,Garbage vehicle not arrived,Benniganahalli
Solid Waste (Garbage) Related,Garbage dump,HBR Layout
Health Dept,Increase in mosquito density,Attiguppe
Road Maintenance(Engg),footpath encroachment,C.V.Raman Nagar
Road Maintenance(Engg),Potholes,Attiguppe
Electrical,Street Light Not Working,Lingarajapuram
Forest,obstructions Branches / Trees.,Vidyapeetha
Road Maintenance(Engg),Road side drains,Kengeri
veterinary,Animal birth control/neutering of stray dogs,Attiguppe
Solid Waste (Garbage) Related,Garbage dump,Attiguppe
Solid Waste (Garbage) Related,Garbage dumping in vacant sites,Kumaraswamy Layout
Electrical,Street Light Not Working,Puttenahalli
Solid Waste (Garbage) Related,Garbage dump,Domlur
veterinary,Animal Rescue - Not well - Requires attention,HAL Airport
Revenue Department,Discrepancy In Khata Certificate and Khata Extract,A.Narayanapura
E khata / Khata services,Khata / Ekhata mutation / transfer,Yelachenahalli
Town Planning,Construction not done as per approved plan (Building Bye Law Violations),Radhakrishna Temple
Solid Waste (Garbage) Related,Garbage dumping in vacant sites,Vishwanathnagenahalli
Solid Waste (Garbage) Related,Dead animal(s),Hoodi
Parks and Play grounds,Issues Related to Parks/Medians/Circles/Island.,Kamakshipalya
Electrical,Street Light Not Working,Hosakerehalli
Forest,obstructions Branches / Trees.,Laggere
Solid Waste (Garbage) Related,Garbage vehicle not arrived,Maruthi Mandira Ward
veterinary,Animal Rescue - Not well - Requires attention,Sampangiram Nagar
E khata / Khata services,Technical Issue In Ekhata,Sudduguntepalya
Solid Waste (Garbage) Related,Garbage dump,Bellandur
Electrical,Street Light Not Working,Adugodi
Solid Waste (Garbage) Related,Garbage vehicle not arrived,Hemmigepura
Parks and Play grounds,Gym/Children Play equipment in the parks,Banaswadi
Solid Waste (Garbage) Related,Garbage vehicle not arrived,Gottigere
veterinary,Animal Rescue - Not well - Requires attention,Shettyhalli
E khata / Khata services,Ekhata missing in online,Ramamurthy Nagar
Solid Waste (Garbage) Related,Garbage vehicle not arrived,HSR Layout
Solid Waste (Garbage) Related,Garbage vehicle not arrived,Singasandra
Electrical,Street Light Not Working,H.M.T
Parks and Play grounds,Gym/Children Play equipment in the parks,Nagapura
Solid Waste (Garbage) Related,Garbage vehicle not arrived,Nagavara
Road Infrastructure,Road Infrastructure,Hagadooru
Solid Waste (Garbage) Related,Garbage vehicle not arrived,Manorayanapalya
veterinary,Feeder Harassment  by Individual / Mob but no association,Begur
E khata / Khata services,Technical Issue In Ekhata,Varthur
Electrical,Street Light Not Working,Doddabommasandra
Road Maintenance(Engg),Footpath,Newthippasandra
Forest,Removal of dead/fallen trees,Padmanabha Nagar
Road Maintenance(Engg),Road side drains,Hagadooru
E khata / Khata services,Ekhata - name correction,Devasandra
Solid Waste (Garbage) Related,Garbage vehicle not arrived,Jayachamarajendra Nagar
Road Maintenance(Engg),Potholes,Jnanabharathi Ward
Road Maintenance(Engg),Road side drains,Jnanabharathi Ward
Revenue Department,Khata Services (Registration, Transfer, Bifurcation and Amalgamation),Malleshwaram
Solid Waste (Garbage) Related,Garbage vehicle not arrived,Moodalapalya
Solid Waste (Garbage) Related,Garbage vehicle not arrived,Horamavu
Road Maintenance(Engg),footpath encroachment,Sri Rammandira
Sanitation,Public toilet(s) blockage,Sanjay Nagar
E khata / Khata services,Khata / Ekhata mutation / transfer,Gottigere
Revenue Department,Khata Services (Registration, Transfer, Bifurcation and Amalgamation),Vidyaranyapura
Solid Waste (Garbage) Related,Garbage dump,Varthur
Road Maintenance(Engg),Road side drains,Begur
Forest,obstructions Branches / Trees.,Kacharakanahalli
Solid Waste (Garbage) Related,Garbage dump,Muneshwara Nagar
Solid Waste (Garbage) Related,Garbage vehicle not arrived,Dattathreya Temple
E khata / Khata services,Ekhata missing in online,Kodigehalli
Solid Waste (Garbage) Related,Garbage dump,Koramangala
E khata / Khata services,Ekhata missing in online,Nayandanahalli
Solid Waste (Garbage) Related,Garbage vehicle not arrived,Devasandra
Road Infrastructure,Road Infrastructure,Hemmigepura
Solid Waste (Garbage) Related,Sweeping not done,Ramamurthy Nagar
Electrical,Street Light Not Working,Shanthala Nagar
veterinary,Animal Rescue - Not well - Requires attention,Visvesvarapuram
veterinary,Animal Rescue - Not well - Requires attention,Yelachenahalli
Solid Waste (Garbage) Related,Garbage dump,Herohalli
veterinary,Stray dog related complaints,Kushal Nagar
Solid Waste (Garbage) Related,Garbage dump,Chokkasandra
Electrical,Requirement For New Street Lights,Vasanthapura
Forest,Removal of dead/fallen trees,Singasandra
Forest,obstructions Branches / Trees.,Kumaraswamy Layout
Road Maintenance(Engg),footpath encroachment,Agrahara Dasarahalli
Health Dept,Dengue positive,Newthippasandra
E khata / Khata services,Ekhata missing in online,Yelachenahalli
Electrical,Street Light Not Working,Vasanthapura
veterinary,Stray dog related complaints,Ganeshmandira Ward
Sanitation,Urination in Public/Open Defecation,Jnanabharathi Ward
Health Dept,Dengue positive,Bellandur
Solid Waste (Garbage) Related,Garbage dumping in vacant sites,Hagadooru
Parks and Play grounds,Issues Related to Parks/Medians/Circles/Island.,Puttenahalli
Solid Waste (Garbage) Related,Garbage dump,Puttenahalli
Health Dept,Dengue positive,Okalipuram
Health Dept,Dengue positive,Hagadooru
Health Dept,Dengue positive,Lingarajapuram
Solid Waste (Garbage) Related,Garbage dump,Hoodi
Health Dept,Dengue positive,Mathikere
Health Dept,Dengue positive,Someshwara
Health Dept,Dengue positive,Garudacharpalya
Health Dept,Dengue positive,Madiwala
Information Technology,Others(Technical or Software Issues),Sampangiram Nagar
Health Dept,Dengue positive,Jayangar
E khata / Khata services,Technical Issue In Ekhata,Hagadooru
Health Dept,Dengue positive,Thanisandra
Information Technology,App Related Issues,Sampangiram Nagar
Health Dept,Dengue positive,Jakkur
Health Dept,Dengue positive,Vignana Nagar
E khata / Khata services,Ekhata - name correction,Gottigere
Health Dept,Dengue positive,Marathalli
Forest,obstructions Branches / Trees.,Ullalu
Solid Waste (Garbage) Related,Garbage dump,Hombegowda Nagar
Health Dept,Dengue positive,Lakkasandra
Solid Waste (Garbage) Related,Garbage dump,Jaraganahalli
Health Dept,Dengue positive,Hoodi
Road Maintenance(Engg),Potholes,Bommanahalli
Solid Waste (Garbage) Related,Garbage dump,Someshwara
Road Maintenance(Engg),Potholes,Sampangiram Nagar
Health Dept,Dengue positive,Byatarayanapura
Forest,Removal of dead/fallen trees,Herohalli
Solid Waste (Garbage) Related,Garbage dump,Shanthala Nagar
Health Dept,Dengue positive,Kadugodi
Forest,obstructions Branches / Trees.,Binnipet
Solid Waste (Garbage) Related,Garbage dump,Kacharakanahalli
Electrical,Street Light Not Working,Bilekahalli
Traffic Engineer Cell (TEC),TEC,Benniganahalli
Road Maintenance(Engg),water leakage on road,Cottonpet
Solid Waste (Garbage) Related,Garbage vehicle not arrived,Giri Nagar
Solid Waste (Garbage) Related,Garbage dump,Newthippasandra
Solid Waste (Garbage) Related,Garbage vehicle not arrived,Jakkur
E khata / Khata services,Ekhata missing in online,Sarakki
Solid Waste (Garbage) Related,Dead animal(s),Mangammanapalya
Solid Waste (Garbage) Related,Garbage dump,Nagapura
Road Maintenance(Engg),footpath encroachment,Hosahalli
E khata / Khata services,Khata / Ekhata mutation / transfer,Vidyaranyapura
Electrical,Street Light Not Working,HSR Layout
Solid Waste (Garbage) Related,Garbage nuisance while transporting,Bilekahalli
Road Maintenance(Engg),Potholes,Shanthala Nagar
Forest,obstructions Branches / Trees.,Rajarajeshwari Nagar
Electrical,Street Light Not Working,Kadugondanahalli
E khata / Khata services,Technical Issue In Ekhata,Horamavu
Solid Waste (Garbage) Related,Garbage dump,Kodigehalli
Solid Waste (Garbage) Related,Garbage dump,Nandini Layout
Electrical,Street Light Not Working,Padmanabha Nagar
E khata / Khata services,Other Khata / ekhata issues,Doddanekkundi
Forest,Removal of dead/fallen trees,Radhakrishna Temple
E khata / Khata services,Ekhata missing in online,Hoysala Nagar
Electrical,Street Light Not Working,C.V.Raman Nagar
Electrical,Street Light Not Working,Attiguppe
Solid Waste (Garbage) Related,Garbage dump,Jayangar
Forest,Removal of dead/fallen trees,Hanumantha Nagar
E khata / Khata services,ekhata approval pending with ARO,Begur
Solid Waste (Garbage) Related,Garbage dump,Konanakunte
Health Dept,Increase in mosquito density,Sri Rammandira
Electrical,Street Light Not Working,Kottigepalya
E khata / Khata services,ekhata approval pending with ARO,Shankaramata
Health Dept,Unhygienic premises in Hotel etc,Doddanekkundi
Others,Others,Padmanabha Nagar
veterinary,Fatally injured - Needs immediate attention,Bagalagunte
E khata / Khata services,Other Khata / ekhata issues,Hemmigepura
Solid Waste (Garbage) Related,Dead animal(s),Arakere
Forest,obstructions Branches / Trees.,Nandini Layout
E khata / Khata services,Ekhata missing in online,Nagapura
Solid Waste (Garbage) Related,Garbage vehicle not arrived,Yelachenahalli
Forest,obstructions Branches / Trees.,Sunkenahalli
Solid Waste (Garbage) Related,Sweeping not done,Uttarahalli
Road Maintenance(Engg),Road side drains,Bellandur
Road Maintenance(Engg),Road side drains,Dodda Bidarkallu
Forest,obstructions Branches / Trees.,Nagapura
Storm  Water Drain(SWD),Maintenance of SWD,Arakere
Solid Waste (Garbage) Related,Garbage dump,Singasandra
Advertisement,Flex and banners,Madiwala
Forest,Removal of dead/fallen trees,Mathikere
Forest,Removal of dead/fallen trees,Vidyapeetha
Solid Waste (Garbage) Related,Garbage dump,Deepanjali Nagar
Solid Waste (Garbage) Related,Garbage dump,Kadugondanahalli
Revenue Department,Khata Services (Registration, Transfer, Bifurcation and Amalgamation),Jnanabharathi Ward
Electrical,Street Lights Switched On During Day Time,Byatarayanapura
E khata / Khata services,ekhata approval pending with ARO,Varthur
Road Maintenance(Engg),Road side drains,Shettyhalli
Revenue Department,Khata Services (Registration, Transfer, Bifurcation and Amalgamation),Uttarahalli
Solid Waste (Garbage) Related,Garbage vehicle not arrived,Kumaraswamy Layout
Electrical,Street Light Not Working,Konanakunte
Road Maintenance(Engg),Potholes,Konanakunte
Solid Waste (Garbage) Related,Garbage dump,Garudacharpalya
E khata / Khata services,ekhata approval pending with ARO,Bellandur
Road Maintenance(Engg),Potholes,Sudam Nagar
Solid Waste (Garbage) Related,Dead animal(s),Binnipet
Solid Waste (Garbage) Related,Garbage dump,Shettyhalli
Solid Waste (Garbage) Related,Garbage dump,Rajarajeshwari Nagar
veterinary,Anti Rabies Vaccination of stray dogs,Newthippasandra
Solid Waste (Garbage) Related,Garbage vehicle not arrived,Herohalli
Solid Waste (Garbage) Related,Garbage dump,Yadiyuru
Solid Waste (Garbage) Related,Garbage dumping in vacant sites,Padmanabha Nagar
Electrical,Street Lights Switched On During Day Time,Gayathri Nagar
Solid Waste (Garbage) Related,Public dustbins not cleaned,Rajarajeshwari Nagar
Solid Waste (Garbage) Related,Dead animal(s),Gandhi Nagar
Solid Waste (Garbage) Related,Garbage vehicle not arrived,Vishwanathnagenahalli
E khata / Khata services,Other Khata / ekhata issues,Anjanapur
Electrical,Street Light Not Working,Kadugodi
Solid Waste (Garbage) Related,Garbage dump,Devasandra
Advertisement,Flex and banners,Jnanabharathi Ward
veterinary,Anti Rabies Vaccination of stray dogs,Doddanekkundi
Forest,Removal of dead/fallen trees,Katriguppe
Solid Waste (Garbage) Related,Garbage dump,Katriguppe
Solid Waste (Garbage) Related,Garbage transfer not as per norms & area not kept clean,Ulsoor
Advertisement,Flex and banners,Banashankari Temple Ward
Solid Waste (Garbage) Related,Garbage dump,Cottonpet
Solid Waste (Garbage) Related,Garbage vehicle not arrived,Byrasandra
veterinary,Stray/Rabid dog bite,Chikpete
Solid Waste (Garbage) Related,Garbage dump,Jagajeevanram Nagar
Solid Waste (Garbage) Related,Garbage dump,Jnanabharathi Ward
Road Maintenance(Engg),Potholes,Jeevanbhima Nagar
Solid Waste (Garbage) Related,Garbage dump,Chowdeshwari Ward
Electrical,Street Light Not Working,Hongasandra
Road Maintenance(Engg),Debris Removal / Construction Material,C.V.Raman Nagar
Solid Waste (Garbage) Related,Garbage dump,Gottigere
Forest,obstructions Branches / Trees.,Sarakki
Town Planning,UnAuthorised Building Constructions,Devasandra
Health Dept,Air/Noise pollution,Newthippasandra
Solid Waste (Garbage) Related,Sweeping not done,Someshwara
Solid Waste (Garbage) Related,Sweeping not done,Hombegowda Nagar
Solid Waste (Garbage) Related,Garbage vehicle not arrived,Anjanapur
Solid Waste (Garbage) Related,Garbage dump,BTM Layout
Solid Waste (Garbage) Related,Garbage vehicle not arrived,Someshwara
Solid Waste (Garbage) Related,Garbage vehicle not arrived,Hombegowda Nagar
veterinary,Animal Rescue - Not well - Requires attention,Laggere
veterinary,Fatally injured - Needs immediate attention,Kadugodi
Solid Waste (Garbage) Related,Garbage dump,Giri Nagar
Road Maintenance(Engg),Road side drains,Vignana Nagar
Others,Others,Devarajeevanahalli
veterinary,shifting of the street dogs to other places,BTM Layout
crying,chasing - nothing can be done since it is a natural instinct of a dog.,
veterinary,Street dog Adaptation process details,Chikpete
Others,Others,Bagalagunte
Others,Others,Uttarahalli
Solid Waste (Garbage) Related,Garbage dump,Shakambari Nagar
Road Infrastructure,Road Infrastructure,Shanthala Nagar
Solid Waste (Garbage) Related,Garbage dumping in vacant sites,Jayangar
Road Infrastructure,Road Infrastructure,Shakambari Nagar
Forest,Removal of dead/fallen trees,Kamakshipalya
Solid Waste (Garbage) Related,Garbage vehicle not arrived,Jeevanbhima Nagar
Electrical,Earthing Issue relate to Electric Poles/Panel Boards,Vishwanathnagenahalli
Electrical,Street Light Not Working,Ganga Nagar
Solid Waste (Garbage) Related,Garbage dumping in vacant sites,Kacharakanahalli
Parks and Play grounds,Issues Related to Parks/Medians/Circles/Island.,Vasanthapura
Solid Waste (Garbage) Related,Garbage dump,Nagarabhavi
Solid Waste (Garbage) Related,Garbage dump,Devarajeevanahalli
Solid Waste (Garbage) Related,Garbage dump,Gurappanapalya
Road Maintenance(Engg),Debris Removal / Construction Material,Malleshwaram
Solid Waste (Garbage) Related,Garbage dump,Arakere
Forest,obstructions Branches / Trees.,Shanthala Nagar
Solid Waste (Garbage) Related,Garbage dumping in vacant sites,Hoysala Nagar
Solid Waste (Garbage) Related,Garbage vehicle not arrived,Vidyapeetha
Town Planning,Construction not done as per approved plan (Building Bye Law Violations),HSR Layout
Electrical,Street Light Not Working,Chowdeshwari Ward
Solid Waste (Garbage) Related,Garbage dump,J.P.Nagar
Solid Waste (Garbage) Related,Sweeping not done,Banaswadi
Electrical,Street Light Not Working,Neelasandra
Solid Waste (Garbage) Related,Garbage dump,Ramamurthy Nagar
Road Maintenance(Engg),Footpath,HSR Layout
Forest,Removal of dead/fallen trees,Adugodi
Solid Waste (Garbage) Related,Garbage dump,Chikpete
veterinary,Animal Rescue - Not well - Requires attention,Kottigepalya
Solid Waste (Garbage) Related,Garbage vehicle not arrived,Pattabhiram Nagar
Health Dept,Air/Noise pollution,Uttarahalli
Solid Waste (Garbage) Related,Dead animal(s),Ramamurthy Nagar
Solid Waste (Garbage) Related,Garbage nuisance while transporting,J.P.Nagar
Solid Waste (Garbage) Related,Garbage nuisance while transporting,Arakere
Road Maintenance(Engg),Overhanging cables,Arakere
Electrical,Street Light Not Working,Madiwala
Solid Waste (Garbage) Related,Garbage dump,Sri Nagar
Sanitation,Urination in Public/Open Defecation,Bellandur
Solid Waste (Garbage) Related,Segregation of waste is not done,J.P.Nagar
Forest,obstructions Branches / Trees.,Basavanapura
Solid Waste (Garbage) Related,Garbage dump,Basavanapura
Road Maintenance(Engg),Potholes,Hebbal
Solid Waste (Garbage) Related,Garbage vehicle not arrived,Doddanekkundi
Revenue Department,Khata Services (Registration, Transfer, Bifurcation and Amalgamation),Sampangiram Nagar
Solid Waste (Garbage) Related,Dead animal(s),Hampi Nagar
Forest,Removal of dead/fallen trees,Jeevanbhima Nagar
Solid Waste (Garbage) Related,Garbage dump,Jogupalya
Solid Waste (Garbage) Related,Garbage vehicle not arrived,Bellandur
Forest,obstructions Branches / Trees.,Doddanekkundi
Solid Waste (Garbage) Related,Garbage vehicle not arrived,Hagadooru
Solid Waste (Garbage) Related,Garbage dump,Kadugodi
Forest,Removal of dead/fallen trees,Kadugondanahalli
Electrical,Street Light Not Working,Gayathri Nagar
Forest,Removal of dead/fallen trees,Vidyaranyapura
veterinary,Stray/Rabid dog bite,Shanthala Nagar
Solid Waste (Garbage) Related,Garbage dump,Jakkasandra
veterinary,Anti Rabies Vaccination of stray dogs,Chikpete
Road Maintenance(Engg),Debris Removal / Construction Material,Shivaji Nagar
Solid Waste (Garbage) Related,Garbage dump,Sudam Nagar
Solid Waste (Garbage) Related,Garbage dump,Karisandra
E khata / Khata services,Ekhata missing in online,Mathikere
Forest,Removal of dead/fallen trees,Jaraganahalli
Others,Others,Bellandur
veterinary,Stray dog related complaints,Jakkur
Solid Waste (Garbage) Related,Garbage dump,Dattathreya Temple
Solid Waste (Garbage) Related,Garbage dumping in vacant sites,Kavalbyrasandra
Road Maintenance(Engg),Footpath,Konena Agrahara
Solid Waste (Garbage) Related,Garbage dumping in vacant sites,Jayamahal
Solid Waste (Garbage) Related,Garbage dump,Azad Nagar
Road Maintenance(Engg),Road cutting,Chamrajpet
veterinary,Fatally injured - Needs immediate attention,Cottonpet
Solid Waste (Garbage) Related,Dead animal(s),Gottigere
Solid Waste (Garbage) Related,Garbage dumping in vacant sites,Devasandra
Road Maintenance(Engg),Road cutting,Horamavu
veterinary,Stray dog related complaints,Uttarahalli
veterinary,Stray dog related complaints,Bapuji Nagar
veterinary,shifting of the street dogs to other places,Puttenahalli
Electrical,Requirement For New Street Lights,HBR Layout
E khata / Khata services,Ekhata - name correction,Horamavu
Solid Waste (Garbage) Related,Garbage vehicle not arrived,Kuvempu Nagar
Forest,Removal of dead/fallen trees,Moodalapalya
veterinary,Stray/Rabid dog bite,Puttenahalli
Others,Others,Ullalu
Solid Waste (Garbage) Related,Garbage dumping in vacant sites,Yelachenahalli
Others,Others,Jogupalya
Solid Waste (Garbage) Related,Public dustbins not cleaned,Sunkenahalli
Forest,obstructions Branches / Trees.,Hombegowda Nagar
Solid Waste (Garbage) Related,Burning of Garbage in Open Space,Basavanapura
veterinary,Stray dog related complaints,Begur
Road Maintenance(Engg),footpath encroachment,Attiguppe
veterinary,Stray dog related complaints,Basavanapura
veterinary,Stray dog related complaints,Vasanth Nagar
Solid Waste (Garbage) Related,Garbage vehicle not arrived,Devarajeevanahalli
Solid Waste (Garbage) Related,Garbage transfer not as per norms & area not kept clean,J.P.Nagar
Parks and Play grounds,Issues Related to Parks/Medians/Circles/Island.,Byatarayanapura
Others,Others,Hemmigepura
veterinary,Stray cattle related complaints,Jnanabharathi Ward
Solid Waste (Garbage) Related,Garbage dumping in vacant sites,Rajarajeshwari Nagar
Solid Waste (Garbage) Related,Garbage vehicle not arrived,Siddapura
Solid Waste (Garbage) Related,Garbage dump,Dayananda Nagar
Electrical,Street Light Not Working,Jalahalli
Road Maintenance(Engg),UnAuthorised Constructions,Horamavu
veterinary,Animal Cruelty/Ill-Treated / Abused,Hoodi
Electrical,Street Light Not Working,Lakkasandra
Solid Waste (Garbage) Related,Garbage dumping in vacant sites,Sunkenahalli
Health Dept,Spraying,Herohalli
Forest,Removal of dead/fallen trees,Aramane Nagar
E khata / Khata services,Khata / Ekhata mutation / transfer,Dodda Bidarkallu
Health Dept,Air/Noise pollution,Ejipura
Solid Waste (Garbage) Related,Garbage vehicle not arrived,Uttarahalli
veterinary,Animal birth control/neutering of stray dogs,HBR Layout
veterinary,Anti Rabies Vaccination of stray dogs,Visvesvarapuram
Solid Waste (Garbage) Related,Garbage dump,Yelahanka old Satellite Town
veterinary,Animal birth control/neutering of stray dogs,Visvesvarapuram
Solid Waste (Garbage) Related,Garbage vehicle not arrived,Begur
Others,Others,Pulikeshi Nagar
Electrical,Street Light Not Working,Vidyapeetha
Storm  Water Drain(SWD),Maintenance of SWD,Sanjay Nagar
E khata / Khata services,ekhata approval pending with ARO,Shanthala Nagar
Solid Waste (Garbage) Related,Garbage nuisance while transporting,Deepanjali Nagar
Solid Waste (Garbage) Related,Complaint against SW collector/ SWM official for violation of SWM Rules,HSR Layout
Road Maintenance(Engg),Debris Removal / Construction Material,Hebbal
veterinary,Stray/Rabid dog bite,Siddapura
address,phone number,
Solid Waste (Garbage) Related,Garbage dump,Aramane Nagar
Solid Waste (Garbage) Related,Complaint against SW collector/ SWM official for violation of SWM Rules,Byatarayanapura
Revenue Department,Khata Services (Registration, Transfer, Bifurcation and Amalgamation),Shettyhalli
E khata / Khata services,ekhata approval pending with ARO,Hagadooru
veterinary,Stray dog related complaints,HBR Layout
E khata / Khata services,ekhata approval pending with ARO,Visvesvarapuram
Forest,obstructions Branches / Trees.,Giri Nagar
veterinary,Animal Rescue - Not well - Requires attention,Horamavu
Electrical,Requirement For New Street Lights,Hosahalli
veterinary,Animal Rescue - Not well - Requires attention,Herohalli
Solid Waste (Garbage) Related,Garbage vehicle not arrived,Basavanagudi
Road Infrastructure,Road Infrastructure,Kengeri
Electrical,Street Light Not Working,Dattathreya Temple
E khata / Khata services,Ekhata Other corrections,Madiwala
E khata / Khata services,Technical Issue In Ekhata,Someshwara
Road Maintenance(Engg),Potholes,Pattabhiram Nagar
Storm  Water Drain(SWD),Maintenance of SWD,Doddanekkundi
Sanitation,Urination in Public/Open Defecation,Kengeri
veterinary,Stray dog related complaints,Hoodi
veterinary,Animal birth control/neutering of stray dogs,Vignana Nagar
Road Maintenance(Engg),Potholes,Shiva Nagar
Solid Waste (Garbage) Related,Garbage dump,S.K.Garden
Solid Waste (Garbage) Related,Dead animal(s),Horamavu
veterinary,Fatally injured - Needs immediate attention,A.Narayanapura
E khata / Khata services,Khata / Ekhata mutation / transfer,Hagadooru
Road Maintenance(Engg),footpath encroachment,Siddapura
veterinary,Stray dog related complaints,Marathalli
Road Maintenance(Engg),Road side drains,Thanisandra
Solid Waste (Garbage) Related,Dead animal(s),K.R.Puram
Solid Waste (Garbage) Related,Sweeping not done,Benniganahalli
Solid Waste (Garbage) Related,Garbage vehicle not arrived,Kengeri
veterinary,shifting of the street dogs to other places,Begur
Solid Waste (Garbage) Related,Garbage vehicle not arrived,Ullalu
veterinary,Fatally injured - Needs immediate attention,Jeevanbhima Nagar
Health Dept,Spraying,Doddanekkundi
E khata / Khata services,Ekhata missing in online,Horamavu
Solid Waste (Garbage) Related,Garbage vehicle not arrived,Deepanjali Nagar
Forest,obstructions Branches / Trees.,Dayananda Nagar
E khata / Khata services,ekhata approval pending with ARO,Hemmigepura
Solid Waste (Garbage) Related,Garbage vehicle not arrived,Ganeshmandira Ward
Solid Waste (Garbage) Related,Garbage vehicle not arrived,Jogupalya
Solid Waste (Garbage) Related,Garbage vehicle not arrived,Padmanabha Nagar
Town Planning,Construction not done as per approved plan (Building Bye Law Violations),Ullalu
Solid Waste (Garbage) Related,Garbage dump,Kuvempu Nagar
Solid Waste (Garbage) Related,Sweeping not done,Bilekahalli
Solid Waste (Garbage) Related,Garbage vehicle not arrived,Rajarajeshwari Nagar
Solid Waste (Garbage) Related,Garbage dump,Shanthi Nagar
Solid Waste (Garbage) Related,Garbage vehicle not arrived,Konanakunte
Solid Waste (Garbage) Related,Sweeping not done,Bagalagunte
Solid Waste (Garbage) Related,Garbage dump,Vishwanathnagenahalli
E khata / Khata services,Ekhata - name correction,Hagadooru
veterinary,Fatally injured - Needs immediate attention,Shanthi Nagar
E khata / Khata services,Other Khata / ekhata issues,Begur
but still it is pending with RO. And spot inspection also has not been done .,,
veterinary,Animal Rescue - Not well - Requires attention,Hoodi
Solid Waste (Garbage) Related,Garbage vehicle not arrived,Vasanthapura
Others,Others,Hegganahalli
Solid Waste (Garbage) Related,Garbage dump,Kengeri
Forest,obstructions Branches / Trees.,Jnanabharathi Ward
Road Maintenance(Engg),Debris Removal / Construction Material,Hegganahalli
Forest,obstructions Branches / Trees.,Kengeri
Storm  Water Drain(SWD),Maintenance of SWD,Banaswadi
Solid Waste (Garbage) Related,Garbage vehicle not arrived,Kadugondanahalli
Electrical,Street Light Not Working,Koramangala
veterinary,Dog bite pet dog,Begur
Town Planning,Construction not done as per approved plan (Building Bye Law Violations),Varthur
Others,Others,HBR Layout
Road Maintenance(Engg),Road side drains,HSR Layout
veterinary,shifting of the street dogs to other places,Thanisandra
Solid Waste (Garbage) Related,Garbage dump,Vijay Nagar
Road Infrastructure,Road Infrastructure,Bellandur
Storm  Water Drain(SWD),Sewerage water left in SWD,Arakere
Solid Waste (Garbage) Related,Garbage dump,Dr.Rajkumar Ward
Solid Waste (Garbage) Related,Garbage vehicle not arrived,Varthur
Road Maintenance(Engg),Potholes,Rajarajeshwari Nagar
veterinary,shifting of the street dogs to other places,HBR Layout
Town Planning,Construction not done as per approved plan (Building Bye Law Violations),Chikkalasandra
Solid Waste (Garbage) Related,Garbage dump,Kottigepalya
Solid Waste (Garbage) Related,Complaint against SW collector/ SWM official for violation of SWM Rules,Padmanabha Nagar
Parks and Play grounds,Issues Related to Parks/Medians/Circles/Island.,Hagadooru
Solid Waste (Garbage) Related,Garbage vehicle not arrived,Kempegowda Ward
Solid Waste (Garbage) Related,Garbage dump,Sanjay Nagar
Health Dept,Increase in mosquito density,Gottigere
Markets,Encroachment,Arakere
Forest,obstructions Branches / Trees.,Shettyhalli
Solid Waste (Garbage) Related,Garbage vehicle not arrived,Kottigepalya
Solid Waste (Garbage) Related,Sweeping not done,Konena Agrahara
Electrical,Street Light Not Working,Jayangar
Solid Waste (Garbage) Related,Sweeping not done,Vasanth Nagar
Road Maintenance(Engg),Debris Removal / Construction Material,K.R.Puram
Road Maintenance(Engg),UnAuthorised Constructions,BTM Layout
Solid Waste (Garbage) Related,Garbage nuisance while transporting,Hemmigepura
Forest,obstructions Branches / Trees.,Pattabhiram Nagar
Solid Waste (Garbage) Related,Garbage vehicle not arrived,Kavalbyrasandra
Road Maintenance(Engg),Potholes,Vignana Nagar
Road Maintenance(Engg),Road side drains,Hegganahalli
Road Maintenance(Engg),Potholes,Begur
veterinary,Stray dog related complaints,Konanakunte
Electrical,Street Light Not Working,Jakkasandra
veterinary,Animal birth control/neutering of stray dogs,Jakkur
Road Maintenance(Engg),Potholes,Horamavu
Electrical,Street Lights Switched On During Day Time,Hosahalli
Road Maintenance(Engg),water stagnation,C.V.Raman Nagar
Solid Waste (Garbage) Related,Dead animal(s),Doddanekkundi
Solid Waste (Garbage) Related,Garbage dump,Agrahara Dasarahalli
veterinary,Stray/Rabid dog bite,Jakkur
Others,Others,Garudacharpalya
Solid Waste (Garbage) Related,Garbage dump,Vidyapeetha
Solid Waste (Garbage) Related,Garbage dump,H.M.T
Road Maintenance(Engg),Debris Removal / Construction Material,Lakkasandra
Solid Waste (Garbage) Related,Dead animal(s),Kodigehalli
Solid Waste (Garbage) Related,Garbage vehicle not arrived,C.V.Raman Nagar
Solid Waste (Garbage) Related,Garbage vehicle not arrived,HBR Layout
Electrical,Street Lights Switched On During Day Time,Rajarajeshwari Nagar
Forest,Removal of dead/fallen trees,Banaswadi
Road Maintenance(Engg),Road side drains,Doddanekkundi
Town Planning,UnAuthorised Building Constructions,T-Dasarahalli
Solid Waste (Garbage) Related,Garbage dump,Subhash Nagar
Solid Waste (Garbage) Related,Sweeping not done,K.R.Puram
Forest,obstructions Branches / Trees.,Hampi Nagar
Solid Waste (Garbage) Related,Garbage dump,Banashankari Temple Ward
Solid Waste (Garbage) Related,Burning of Garbage in Open Space,Horamavu
Road Maintenance(Engg),Potholes,Ramamurthy Nagar
Road Maintenance(Engg),Debris Removal / Construction Material,Byrasandra
Road Infrastructure,Road Infrastructure,Byrasandra
Solid Waste (Garbage) Related,Garbage dump,Maruthi Mandira Ward
Parks and Play grounds,Issues Related to Parks/Medians/Circles/Island.,Byrasandra
Storm  Water Drain(SWD),Garbage thrown in storm water drain,Hagadooru
Solid Waste (Garbage) Related,Garbage dump,Kempegowda Ward
Parks and Play grounds,Issues Related to Parks/Medians/Circles/Island.,Jnanabharathi Ward
veterinary,Fatally injured - Needs immediate attention,Uttarahalli
Solid Waste (Garbage) Related,Garbage dumping in vacant sites,Horamavu
veterinary,Stray dog related complaints,Anjanapur
Road Maintenance(Engg),Debris Removal / Construction Material,Puttenahalli
Health Dept,Increase in mosquito density,Anjanapur
Forest,Removal of dead/fallen trees,Varthur
Solid Waste (Garbage) Related,Dead animal(s),Radhakrishna Temple
Solid Waste (Garbage) Related,Sweeping not done,Anjanapur
veterinary,Animal birth control/neutering of stray dogs,Anjanapur
Solid Waste (Garbage) Related,Dead animal(s),Banaswadi
Solid Waste (Garbage) Related,Garbage dump,Byrasandra
Solid Waste (Garbage) Related,Garbage dump,Konena Agrahara
Electrical,Requirement For New Street Lights,Hoodi
Forest,Removal of dead/fallen trees,Benniganahalli
Solid Waste (Garbage) Related,Garbage dumping in vacant sites,A.Narayanapura
Solid Waste (Garbage) Related,Garbage dump,Dharmarayaswamy Temple Ward
Road Maintenance(Engg),Potholes,Kengeri
Road Maintenance(Engg),footpath encroachment,Kavalbyrasandra
Road Maintenance(Engg),water leakage on road,Giri Nagar
Solid Waste (Garbage) Related,Garbage dump,Vasanth Nagar
Road Maintenance(Engg),Debris Removal / Construction Material,Padmanabha Nagar
Solid Waste (Garbage) Related,Public dustbins not cleaned,K.R.Market
E khata / Khata services,Ekhata in previous owner name,Bommanahalli
Estate,Encroachment,Arakere
veterinary,Stray dog related complaints,Kottigepalya
Road Infrastructure,Road Infrastructure,Begur
veterinary,Stray dog related complaints,Varthur
veterinary,Stray dog related complaints,Hagadooru
Road Maintenance(Engg),Footpath,Chikkalasandra
Road Maintenance(Engg),water stagnation,Bellandur
Road Maintenance(Engg),water stagnation,Doddanekkundi
veterinary,Animal Death Need to file FIR,K.R.Puram
Road Infrastructure,Road Infrastructure,Sampangiram Nagar
Road Maintenance(Engg),Potholes,Gottigere
Road Maintenance(Engg),Footpath,A.Narayanapura
Electrical,Street Light Not Working,Anjanapur
veterinary,Animal Cruelty/Relocated,K.R.Puram
veterinary,Stray dog related complaints,T-Dasarahalli
Health Dept,Unhygienic premises in Hotel etc,Hongasandra
Electrical,Street Light Not Working,Sudduguntepalya
Electrical,Street Light Not Working,Hampi Nagar
Solid Waste (Garbage) Related,Garbage nuisance while transporting,Mathikere
veterinary,Stray dog related complaints,K.R.Puram
Sanitation,Public toilet(s) cleaning,Gandhi Nagar
Road Maintenance(Engg),footpath encroachment,Mathikere
Electrical,Street Light Not Working,Rajaji Nagar
veterinary,Stray dog related complaints,Jalahalli
Solid Waste (Garbage) Related,Garbage transfer not as per norms & area not kept clean,HSR Layout
Electrical,Park Lights Not Working,J.P.Nagar
Solid Waste (Garbage) Related,Garbage vehicle not arrived,Bagalagunte
Road Maintenance(Engg),water leakage on road,Arakere
Solid Waste (Garbage) Related,Garbage dump,Kammanahalli
Solid Waste (Garbage) Related,Garbage vehicle not arrived,Hanumantha Nagar
Electrical,Street Light Not Working,A.Narayanapura
Solid Waste (Garbage) Related,Garbage dump,Ejipura
Solid Waste (Garbage) Related,Garbage dumping in vacant sites,Manorayanapalya
veterinary,shifting of the street dogs to other places,Hampi Nagar
Solid Waste (Garbage) Related,Garbage vehicle not arrived,Jalahalli
Others,Others,Banaswadi
Solid Waste (Garbage) Related,Garbage dump,Sampangiram Nagar
Electrical,Street Light Not Working,Nagavara
Forest,Removal of dead/fallen trees,Dodda Bidarkallu
Electrical,Street Light Not Working,Jaraganahalli
Electrical,Street Light Not Working,Marappana Palya
Electrical,Street Light Not Working,Chamrajpet
Solid Waste (Garbage) Related,Garbage dumping in vacant sites,Gangenahalli
Road Maintenance(Engg),Potholes,Herohalli
Electrical,Street Light Not Working,Banashankari Temple Ward
Road Maintenance(Engg),water stagnation,Rajarajeshwari Nagar
Solid Waste (Garbage) Related,Garbage dumping in vacant sites,Pattabhiram Nagar
veterinary,Animal birth control/neutering of stray dogs,Varthur
Electrical,Street Light Not Working,Manorayanapalya
veterinary,Stray cattle related complaints,Konena Agrahara
Road Maintenance(Engg),Road cutting,Hampi Nagar
Road Maintenance(Engg),Road cutting,Jogupalya
Parks and Play grounds,Issues Related to Parks/Medians/Circles/Island.,HSR Layout
Electrical,Street Light Not Working,Shakambari Nagar
Electrical,Requirement For New Street Lights,Dodda Bidarkallu
Others,Others,Bapuji Nagar
Road Maintenance(Engg),Road side drains,Nandini Layout
veterinary,Stray dog related complaints,Shiva Nagar
Storm  Water Drain(SWD),Maintenance of SWD,Bapuji Nagar
veterinary,Fatally injured - Needs immediate attention,Vijanapura
Electrical,Street Light Not Working,Shivaji Nagar
Electrical,Street Light Not Working,Pattabhiram Nagar
Electrical,Street Light Not Working,Bommanahalli
Electrical,Street Light Not Working,Bapuji Nagar
Electrical,Street Light Not Working,Kamakshipalya
Road Maintenance(Engg),Potholes,Laggere
Indira Canteen,Others,Lakkasandra
Solid Waste (Garbage) Related,Garbage dump,Pulikeshi Nagar
Electrical,Street Light Not Working,Agrahara Dasarahalli
Electrical,Street Light Not Working,Laggere
Forest,Removal of dead/fallen trees,Kacharakanahalli
Storm  Water Drain(SWD),Sewerage water left in SWD,Doddanekkundi
Indira Canteen,Others,Yeshwanthpur
Electrical,Street Light Not Working,Byrasandra
Electrical,Requirement For New Street Lights,Jnanabharathi Ward
Electrical,Street Light Not Working,Kacharakanahalli
Parks and Play grounds,Issues Related to Parks/Medians/Circles/Island.,Bellandur
Solid Waste (Garbage) Related,Garbage dump,Bapuji Nagar
Solid Waste (Garbage) Related,Garbage vehicle not arrived,Arakere
Solid Waste (Garbage) Related,Garbage dump,Padarayanapura
Electrical,Street Light Not Working,Azad Nagar
Electrical,Street Light Not Working,Mallasandra
veterinary,shifting of the street dogs to other places,Ullalu
Forest,obstructions Branches / Trees.,Dodda Bidarkallu
Electrical,Street Light Not Working,J.P.Park
Road Maintenance(Engg),Road side drains,Doddabommasandra
Road Maintenance(Engg),Footpath,Vasanth Nagar
veterinary,Stray dog related complaints,Kadugondanahalli
Solid Waste (Garbage) Related,Public dustbins not cleaned,Horamavu
Optical Fiber Cables (OFC),Without permission digging of road,Katriguppe
Forest,Removal of dead/fallen trees,Dattathreya Temple
Health Dept,Increase in mosquito density,Horamavu
Electrical,Park Lights Not Working,Chokkasandra
Solid Waste (Garbage) Related,Garbage dumping in vacant sites,Banaswadi
Health Dept,Zonal Violation of the Building,Rajagopala Nagar
Electrical,Street Light Not Working,Deepanjali Nagar
Solid Waste (Garbage) Related,Garbage dump,Sarakki
Electrical,Street Lights Switched On During Day Time,Someshwara
veterinary,shifting of the street dogs to other places,Vignana Nagar
Road Maintenance(Engg),Overhanging cables,Subramanya Nagar
Revenue Department,Khata Services (Registration, Transfer, Bifurcation and Amalgamation),Gali Anjaneya Swamy Temple Ward
Solid Waste (Garbage) Related,Garbage dumping in vacant sites,Shanthala Nagar
Solid Waste (Garbage) Related,Garbage dumping in vacant sites,Attiguppe
veterinary,Stray dog related complaints,Thanisandra
Solid Waste (Garbage) Related,Garbage dumping in vacant sites,Nayandanahalli
Parks and Play grounds,Play Grounds,Vidyaranyapura
Sanitation,Urination in Public/Open Defecation,Horamavu
Solid Waste (Garbage) Related,Garbage dump,Nayandanahalli
Electrical,Street Lights Switched On During Day Time,Ullalu
Solid Waste (Garbage) Related,Garbage vehicle not arrived,Laggere
Electrical,Street Light Not Working,Katriguppe
Road Maintenance(Engg),footpath encroachment,Lakkasandra
veterinary,Street dogs attacking-pet Dogs,Begur
Solid Waste (Garbage) Related,Garbage vehicle not arrived,Maruthi Seva Nagar
Road Maintenance(Engg),Potholes,Hosahalli
Solid Waste (Garbage) Related,Garbage vehicle not arrived,Radhakrishna Temple
Electrical,Street Light Not Working,Sri Nagar
Solid Waste (Garbage) Related,Garbage dumping in vacant sites,Byatarayanapura
Road Maintenance(Engg),Footpath,Shanthala Nagar
Storm  Water Drain(SWD),Sewerage water left in SWD,HBR Layout
Solid Waste (Garbage) Related,Burning of Garbage in Open Space,Benniganahalli
Solid Waste (Garbage) Related,Burning of Garbage in Open Space,Rajarajeshwari Nagar
Others,Others,Vignana Nagar
Road Maintenance(Engg),UnAuthorised Constructions,Kaveripura
Solid Waste (Garbage) Related,Garbage dump,K.R.Puram
Forest,obstructions Branches / Trees.,Govindraja Nagara
Solid Waste (Garbage) Related,Garbage dump,Pattabhiram Nagar
Storm  Water Drain(SWD),Maintenance of SWD,Ramamurthy Nagar
Parks and Play grounds,Gym/Children Play equipment in the parks,Madiwala
Solid Waste (Garbage) Related,Garbage vehicle not arrived,Hampi Nagar
Road Maintenance(Engg),Footpath,HBR Layout
Information Technology,Others(Technical or Software Issues),Ullalu
Road Maintenance(Engg),Road cutting,Jakkur
Health Dept,Air/Noise pollution,HSR Layout
Road Maintenance(Engg),water stagnation,Thanisandra
Road Maintenance(Engg),water stagnation,Laggere
Forest,Removal of dead/fallen trees,Hemmigepura
Road Maintenance(Engg),Road cutting,Kengeri
Road Maintenance(Engg),Footpath,Mahalakshmipuram
Forest,Removal of dead/fallen trees,Basavanagudi
Road Maintenance(Engg),Road side drains,Ullalu
veterinary,Stray dog related complaints,Kadugodi
Revenue Department,Khata Services (Registration, Transfer, Bifurcation and Amalgamation),Kengeri
Road Maintenance(Engg),water stagnation,Deepanjali Nagar
veterinary,Anti Rabies Vaccination of stray dogs,Horamavu
Solid Waste (Garbage) Related,Sweeping not done,Giri Nagar
Road Maintenance(Engg),Potholes,HBR Layout
veterinary,Stray dog related complaints,Shakambari Nagar
veterinary,Dog, cat Poor conditions / Breeding license validation,HAL Airport
Electrical,Street Light Not Working,Hanumantha Nagar
Forest,obstructions Branches / Trees.,Bilekahalli
veterinary,Stray dog related complaints,Singasandra
Health Dept,Dengue positive,Ramamurthy Nagar
Health Dept,Dengue positive,Adugodi
veterinary,Stray dog related complaints,Gangenahalli
Forest,Removal of dead/fallen trees,Koramangala
Health Dept,Dengue positive,Siddapura
Road Maintenance(Engg),Debris Removal / Construction Material,Hagadooru
Forest,obstructions Branches / Trees.,Marenahalli
Health Dept,Dengue positive,Jnanabharathi Ward
veterinary,Fatally injured - Needs immediate attention,Kuvempu Nagar
veterinary,Stray dog related complaints,Puttenahalli
Road Maintenance(Engg),Road side drains,Byatarayanapura
E khata / Khata services,Other Khata / ekhata issues,Gottigere
Health Dept,Dengue positive,Gurappanapalya
Road Maintenance(Engg),Potholes,Hemmigepura
Health Dept,Dengue positive,Doddanekkundi
E khata / Khata services,Technical Issue In Ekhata,Kaveripura
Electrical,Street Light Not Working,Aramane Nagar
Solid Waste (Garbage) Related,Garbage dump,K.R.Market
Health Dept,Increase in mosquito density,Aramane Nagar
Forest,obstructions Branches / Trees.,Ganga Nagar
veterinary,Stray dog related complaints,BTM Layout
veterinary,Animal Rescue - Not well - Requires attention,HBR Layout
Forest,obstructions Branches / Trees.,BTM Layout
veterinary,shifting of the street dogs to other places,K.R.Puram
veterinary,Fatally injured - Needs immediate attention,Dodda Bidarkallu
Solid Waste (Garbage) Related,Garbage dump,Ganga Nagar
Solid Waste (Garbage) Related,Sweeping not done,Jogupalya
Forest,Removal of dead/fallen trees,Banashankari Temple Ward
Road Maintenance(Engg),Debris Removal / Construction Material,Chamrajpet
veterinary,Stray dog related complaints,Doddabommasandra
Indira Canteen,Food Quality,Hegganahalli
Solid Waste (Garbage) Related,Garbage nuisance while transporting,Hagadooru
veterinary,Animal birth control/neutering of stray dogs,Jaraganahalli
veterinary,Fatally injured - Needs immediate attention,Deepanjali Nagar
Forest,Removal of dead/fallen trees,Kadugodi
Solid Waste (Garbage) Related,Garbage transfer not as per norms & area not kept clean,Ganeshmandira Ward
E khata / Khata services,Ekhata - name correction,Ejipura
Road Maintenance(Engg),footpath encroachment,Gottigere
veterinary,Animal birth control/neutering of stray dogs,Bellandur
Electrical,Requirement For New Street Lights,Laggere
Solid Waste (Garbage) Related,Garbage vehicle not arrived,Shettyhalli
Solid Waste (Garbage) Related,Garbage dump,Laggere
Road Maintenance(Engg),Debris Removal / Construction Material,Varthur
Solid Waste (Garbage) Related,Burning of Garbage in Open Space,Hagadooru
Road Maintenance(Engg),Road cutting,Rajarajeshwari Nagar
Forest,obstructions Branches / Trees.,HBR Layout
E khata / Khata services,Technical Issue In Ekhata,Begur
Solid Waste (Garbage) Related,Garbage transfer not as per norms & area not kept clean,Arakere
E khata / Khata services,ekhata approval pending with ARO,Mangammanapalya
E khata / Khata services,ekhata approval pending with ARO,Yelachenahalli
Solid Waste (Garbage) Related,Garbage dump,Vannarpet
Electrical,Street Light Not Working,Vannarpet
Town Planning,UnAuthorised Building Constructions,Begur
Solid Waste (Garbage) Related,Garbage vehicle not arrived,Jayangar
veterinary,Fatally injured - Needs immediate attention,Adugodi
Road Maintenance(Engg),Road side drains,H.M.T
Solid Waste (Garbage) Related,Dead animal(s),Ullalu
Forest,Issues related Snakes/Birds/Monkeys,Bilekahalli
Solid Waste (Garbage) Related,Sweeping not done,Vignana Nagar
veterinary,Stray dog related complaints,Vidyaranyapura
Forest,obstructions Branches / Trees.,Sri Rammandira
veterinary,Fatally injured - Needs immediate attention,Jogupalya
Forest,Removal of dead/fallen trees,Shiva Nagar
Solid Waste (Garbage) Related,Burning of Garbage in Open Space,Arakere
E khata / Khata services,ekhata approval pending with ARO,Someshwara
Road Maintenance(Engg),Debris Removal / Construction Material,Jakkur
Forest,Removal of dead/fallen trees,J.P.Nagar
Road Maintenance(Engg),Road cutting,HAL Airport
Electrical,Street Lights Switched On During Day Time,BTM Layout
Health Dept,Unavailability of staff,Jogupalya
Forest,Removal of dead/fallen trees,Rajarajeshwari Nagar
Solid Waste (Garbage) Related,Burning of Garbage in Open Space,Bommanahalli
Electrical,Street Lights Switched On During Day Time,C.V.Raman Nagar
Forest,obstructions Branches / Trees.,Shankaramata
veterinary,Dog, cat Poor conditions / Breeding license validation,Marappana Palya
Revenue Department,Unable to generate the property tax challan,Hoodi
Road Maintenance(Engg),UnAuthorised Constructions,Chokkasandra
veterinary,Stray dog related complaints,Arakere
Health Dept,Fogging,Chikpete
Electrical,Street Light Not Working,Jayamahal
Road Maintenance(Engg),Debris Removal / Construction Material,HBR Layout
veterinary,Animal birth control/neutering of stray dogs,K.R.Puram
Road Maintenance(Engg),footpath encroachment,Jayachamarajendra Nagar
Forest,obstructions Branches / Trees.,Kempapura Agrahara
E khata / Khata services,ekhata approval pending with ARO,Gurappanapalya
Forest,obstructions Branches / Trees.,Kamakshipalya
veterinary,Stray dog related complaints,Siddapura
Forest,Removal of dead/fallen trees,Ullalu
Solid Waste (Garbage) Related,Public dustbins not cleaned,Shanthala Nagar
Revenue Department,Discrepancy In Khata Certificate and Khata Extract,HBR Layout
Road Maintenance(Engg),Road cutting,Doddanekkundi
E khata / Khata services,Other Khata / ekhata issues,Vidyaranyapura
Forest,obstructions Branches / Trees.,Basavanagudi
Forest,Removal of dead/fallen trees,Hoysala Nagar
Road Maintenance(Engg),Debris Removal / Construction Material,Jnanabharathi Ward
Parks and Play grounds,Issues Related to Parks/Medians/Circles/Island.,Dodda Bidarkallu
Storm  Water Drain(SWD),Maintenance of SWD,Byatarayanapura
veterinary,Fatally injured - Needs immediate attention,Garudacharpalya
veterinary,shifting of the street dogs to other places,Nagapura
Electrical,Street Light Not Working,Sri Rammandira
Road Maintenance(Engg),Potholes,Uttarahalli
veterinary,Stray cattle related complaints,Ulsoor
veterinary,Stray/Rabid dog bite,Nagapura
veterinary,Animal birth control/neutering of stray dogs,Peenya Industrial Area
Others,Others,Deepanjali Nagar
Electrical,Street Light Not Working,Konena Agrahara
Road Maintenance(Engg),Road side drains,Hemmigepura
veterinary,Animal birth control/neutering of stray dogs,Rajarajeshwari Nagar
Optical Fiber Cables (OFC),Without permission digging of road,Doddanekkundi
Solid Waste (Garbage) Related,Garbage dump,Sarvagna Nagar
E khata / Khata services,ekhata approval pending with ARO,Kadugodi
Road Maintenance(Engg),Debris Removal / Construction Material,Sarvagna Nagar
Traffic Engineer Cell (TEC),TEC,Bellandur
veterinary,Fatally injured - Needs immediate attention,Byatarayanapura
veterinary,shifting of the street dogs to other places,Shiva Nagar
Forest,Removal of dead/fallen trees,Malleshwaram
Electrical,Street Lights Switched On During Day Time,Vidyaranyapura
Solid Waste (Garbage) Related,Garbage dumping in vacant sites,Hongasandra
Forest,Removal of dead/fallen trees,Ganeshmandira Ward
Storm  Water Drain(SWD),Maintenance of SWD,Hagadooru
Solid Waste (Garbage) Related,Garbage dump,Nagavara
Electrical,Street Light Not Working,Sudam Nagar
veterinary,Animal birth control/neutering of stray dogs,Shanthi Nagar
Storm  Water Drain(SWD),Maintenance of SWD,Bagalagunte
Solid Waste (Garbage) Related,Garbage dump,Sagayapuram
Storm  Water Drain(SWD),Maintenance of SWD,Varthur
Electrical,Street Light Not Working,Agaram
Storm  Water Drain(SWD),Maintenance of SWD,Kadugodi
veterinary,Stray/Rabid dog bite,Bellandur
Electrical,Street Light Not Working,Nagarabhavi
Electrical,Street Light Not Working,Radhakrishna Temple
Forest,obstructions Branches / Trees.,Hosakerehalli
veterinary,Stray dog related complaints,Peenya Industrial Area
veterinary,Anti Rabies Vaccination of stray dogs,Konena Agrahara
Forest,obstructions Branches / Trees.,Gayathri Nagar
Solid Waste (Garbage) Related,Sweeping not done,Shanthi Nagar
Revenue Department,Khata Services (Registration, Transfer, Bifurcation and Amalgamation),Byatarayanapura
Revenue Department,Khata Services (Registration, Transfer, Bifurcation and Amalgamation),HAL Airport
Road Maintenance(Engg),Potholes,Chikpete
E khata / Khata services,Other Khata / ekhata issues,Horamavu
Road Maintenance(Engg),Potholes,Benniganahalli
Electrical,Street Lights Switched On During Day Time,Uttarahalli
veterinary,shifting of the street dogs to other places,Uttarahalli
Electrical,Street Light Not Working,Gurappanapalya
Health Dept,Air/Noise pollution,Mallasandra
Electrical,Street Lights Switched On During Day Time,Subhash Nagar
Forest,Removal of dead/fallen trees,Newthippasandra
Forest,Removal of dead/fallen trees,Shettyhalli
Solid Waste (Garbage) Related,Garbage transfer not as per norms & area not kept clean,Basavanagudi
Road Maintenance(Engg),Road cutting,Shakambari Nagar
Solid Waste (Garbage) Related,Garbage vehicle not arrived,Pulikeshi Nagar
Sanitation,Public toilet(s) cleaning,Jakkur
veterinary,Animal Rescue - Not well - Requires attention,Someshwara
Others,Others,Jakkur
Forest,obstructions Branches / Trees.,Katriguppe
Road Infrastructure,Road Infrastructure,Uttarahalli
veterinary,Stray dog related complaints,Jnanabharathi Ward
Forest,obstructions Branches / Trees.,Vidyaranyapura
Road Maintenance(Engg),Road side drains,Sampangiram Nagar
Forest,Removal of dead/fallen trees,Kempegowda Ward
Forest,obstructions Branches / Trees.,Basaveshwara Nagar
Solid Waste (Garbage) Related,Garbage dump,Yeshwanthpur
Solid Waste (Garbage) Related,Garbage dump,Basavanagudi
E khata / Khata services,Other Khata / ekhata issues,Hanumantha Nagar
Forest,obstructions Branches / Trees.,Kottigepalya
Solid Waste (Garbage) Related,Garbage dumping in vacant sites,Kodigehalli
Solid Waste (Garbage) Related,Garbage vehicle not arrived,Mahalakshmipuram
Health Dept,Air/Noise pollution,Jeevanbhima Nagar
veterinary,Stray dog related complaints,HAL Airport
Forest,Removal of dead/fallen trees,Gayathri Nagar
Road Maintenance(Engg),water stagnation,Sudam Nagar
veterinary,Stray/Rabid dog bite,Yadiyuru
Solid Waste (Garbage) Related,Garbage dump,Chamrajpet
Solid Waste (Garbage) Related,Garbage vehicle not arrived,J.P.Nagar
Solid Waste (Garbage) Related,Garbage dump,Lakkasandra
Road Maintenance(Engg),Potholes,Lingarajapuram
veterinary,Animal Cruelty/Ill-Treated / Abused,Nagarabhavi
Forest,obstructions Branches / Trees.,Konanakunte
Road Maintenance(Engg),Overhanging cables,Rajaji Nagar
Solid Waste (Garbage) Related,Complaint against SW collector/ SWM official for violation of SWM Rules,Someshwara
Solid Waste (Garbage) Related,Garbage dump,Marappana Palya
Solid Waste (Garbage) Related,Garbage dump,Chalavadipalya
veterinary,Feeder Harassment by Association / Gated Community,Jakkur
Road Maintenance(Engg),Debris Removal / Construction Material,Arakere
Forest,Removal of dead/fallen trees,HSR Layout
veterinary,shifting of the street dogs to other places,Devasandra
Solid Waste (Garbage) Related,Garbage transfer not as per norms & area not kept clean,Horamavu
Solid Waste (Garbage) Related,Garbage transfer not as per norms & area not kept clean,Benniganahalli
Road Maintenance(Engg),Debris Removal / Construction Material,Byatarayanapura
E khata / Khata services,Technical Issue In Ekhata,Jakkur
Forest,obstructions Branches / Trees.,Neelasandra
Solid Waste (Garbage) Related,Garbage vehicle not arrived,Shakambari Nagar
veterinary,Stray dog related complaints,Sanjay Nagar
Forest,obstructions Branches / Trees.,Vasanth Nagar
Forest,Removal of dead/fallen trees,Vannarpet
Health Dept,Increase in mosquito density,Jnanabharathi Ward
E khata / Khata services,eKhata - name Mismatch,Katriguppe
Road Maintenance(Engg),footpath encroachment,BTM Layout
Road Maintenance(Engg),Potholes,Shakambari Nagar
Solid Waste (Garbage) Related,Garbage vehicle not arrived,Jayanagar East
Storm  Water Drain(SWD),Sewerage water left in SWD,Kengeri
Solid Waste (Garbage) Related,Garbage vehicle not arrived,Katriguppe
Forest,Removal of dead/fallen trees,Doddanekkundi
Road Maintenance(Engg),Road side drains,Vasanthapura
Solid Waste (Garbage) Related,Garbage vehicle not arrived,Adugodi
Solid Waste (Garbage) Related,Garbage dumping in vacant sites,BTM Layout
Road Maintenance(Engg),Road side drains,Koramangala
veterinary,Stray/Rabid dog bite,Benniganahalli
Electrical,Street Light Not Working,Chokkasandra
E khata / Khata services,ekhata approval pending with ARO,Jayangar
Forest,Removal of dead/fallen trees,Kumaraswamy Layout
Solid Waste (Garbage) Related,Garbage dump,C.V.Raman Nagar
Road Maintenance(Engg),Road side drains,Nagarabhavi
Forest,Removal of dead/fallen trees,Someshwara
Road Maintenance(Engg),Debris Removal / Construction Material,Okalipuram
Health Dept,Fogging,Ullalu
Electrical,Street Light Not Working,Sampangiram Nagar
veterinary,Animal Rescue - Not well - Requires attention,Kodigehalli
veterinary,shifting of the street dogs to other places,Rajarajeshwari Nagar
Electrical,Street Light Not Working,Subramanya Nagar
veterinary,Animal birth control/neutering of stray dogs,Shettyhalli
Road Maintenance(Engg),Potholes,Visvesvarapuram
Road Maintenance(Engg),Overhanging cables,H.M.T
Road Maintenance(Engg),Footpath,H.M.T
Road Maintenance(Engg),Potholes,Garudacharpalya
Advertisement,Unsafe Hoardings,H.M.T
Solid Waste (Garbage) Related,Garbage vehicle not arrived,Byatarayanapura
Road Infrastructure,Road Infrastructure,Maruthi Seva Nagar
Road Maintenance(Engg),Debris Removal / Construction Material,Manorayanapalya
Road Maintenance(Engg),Potholes,Jakkur
Forest,obstructions Branches / Trees.,Visvesvarapuram
veterinary,Fatally injured - Needs immediate attention,Mangammanapalya
Solid Waste (Garbage) Related,Sweeping not done,Vishwanathnagenahalli
Forest,Removal of dead/fallen trees,Arakere
Road Maintenance(Engg),Debris Removal / Construction Material,Vasanth Nagar
Electrical,Street Light Not Working,Mangammanapalya
Road Maintenance(Engg),Potholes,Ejipura
Forest,Removal of dead/fallen trees,Sunkenahalli
Forest,obstructions Branches / Trees.,Uttarahalli
Solid Waste (Garbage) Related,Complaint against SW collector/ SWM official for violation of SWM Rules,Kuvempu Nagar
E khata / Khata services,ekhata approval pending with ARO,Ramamurthy Nagar
Forest,obstructions Branches / Trees.,Kuvempu Nagar
Solid Waste (Garbage) Related,Complaint against SW collector/ SWM official for violation of SWM Rules,Jnanabharathi Ward
Solid Waste (Garbage) Related,Garbage dump,Maruthi Seva Nagar
Solid Waste (Garbage) Related,Garbage dump,Ganeshmandira Ward
Electrical,Street Lights Switched On During Day Time,Agaram
veterinary,Request for ABC,Gandhi Nagar
Revenue Department,Unable to generate the property tax challan,Bellandur
Solid Waste (Garbage) Related,Complaint against SW collector/ SWM official for violation of SWM Rules,Hemmigepura
Road Maintenance(Engg),Road side drains,HAL Airport
Road Maintenance(Engg),water stagnation,HAL Airport
Road Maintenance(Engg),footpath encroachment,Hoysala Nagar
veterinary,Fatally injured - Needs immediate attention,Basavanapura
Solid Waste (Garbage) Related,Garbage transfer not as per norms & area not kept clean,Mathikere
Road Maintenance(Engg),UnAuthorised Constructions,Kamakshipalya
Health Dept,Spraying,Jnanabharathi Ward
Solid Waste (Garbage) Related,Garbage vehicle not arrived,Vannarpet
Electrical,Street Light Not Working,Devasandra
Road Maintenance(Engg),Road side drains,Basavanapura
veterinary,Animal birth control/neutering of stray dogs,Doddanekkundi
Solid Waste (Garbage) Related,Garbage dump,Vijanapura
Road Maintenance(Engg),footpath encroachment,Visvesvarapuram
Forest,Removal of dead/fallen trees,Jakkur
veterinary,Street dogs attacking-pet Dogs,Rajarajeshwari Nagar
Solid Waste (Garbage) Related,Garbage vehicle not arrived,Peenya Industrial Area
veterinary,shifting of the street dogs to other places,Basavanapura
Electrical,Street Light Not Working,Devarajeevanahalli
Electrical,Street Lights Switched On During Day Time,Singasandra
Road Maintenance(Engg),water stagnation,Bharathi Nagar
Forest,Removal of dead/fallen trees,Pattabhiram Nagar
Forest,Removal of dead/fallen trees,Yelachenahalli
Road Maintenance(Engg),Footpath,Giri Nagar
Forest,obstructions Branches / Trees.,Rajaji Nagar
Storm  Water Drain(SWD),Maintenance of SWD,Peenya Industrial Area
Solid Waste (Garbage) Related,Segregation of waste is not done,Hemmigepura
Forest,obstructions Branches / Trees.,Arakere
Forest,obstructions Branches / Trees.,Radhakrishna Temple
Road Maintenance(Engg),Road side drains,Marappana Palya
veterinary,Fatally injured - Needs immediate attention,Kodigehalli
Forest,Removal of dead/fallen trees,Nandini Layout
Solid Waste (Garbage) Related,Complaint against SW collector/ SWM official for violation of SWM Rules,A.Narayanapura
veterinary,Fatally injured - Needs immediate attention,HAL Airport
Others,Others,Vidyaranyapura
veterinary,Stray/Rabid dog bite,Vannarpet
Road Infrastructure,Road Infrastructure,Basaveshwara Nagar
veterinary,shifting of the street dogs to other places,Shettyhalli
Solid Waste (Garbage) Related,Garbage vehicle not arrived,Shakthiganapathi Nagar
Electrical,Requirement For New Street Lights,Kottigepalya
Road Maintenance(Engg),footpath encroachment,Hemmigepura
Electrical,Street Light Not Working,Ejipura
Solid Waste (Garbage) Related,Sweeping not done,Kuvempu Nagar
Solid Waste (Garbage) Related,Sweeping not done,Jayanagar East
Sanitation,Urination in Public/Open Defecation,H.M.T
Forest,obstructions Branches / Trees.,Hebbal
Solid Waste (Garbage) Related,Garbage vehicle not arrived,K.R.Puram
Road Maintenance(Engg),Debris Removal / Construction Material,Jayangar
Solid Waste (Garbage) Related,Garbage transfer not as per norms & area not kept clean,Jayangar
Solid Waste (Garbage) Related,Sweeping not done,Rajarajeshwari Nagar
Solid Waste (Garbage) Related,Complaint against SW collector/ SWM official for violation of SWM Rules,Horamavu
Storm  Water Drain(SWD),Sewerage water left in SWD,Marenahalli
Solid Waste (Garbage) Related,Garbage nuisance while transporting,Dodda Bidarkallu
Solid Waste (Garbage) Related,Public dustbins not cleaned,A.Narayanapura
Solid Waste (Garbage) Related,Garbage vehicle not arrived,Garudacharpalya
Advertisement,Flex and banners,Rajarajeshwari Nagar
Forest,Removal of dead/fallen trees,Shanthala Nagar
Road Maintenance(Engg),Debris Removal / Construction Material,Rajaji Nagar
Education,Examination Related Issues,Vidyaranyapura
Health Dept,Fogging,Hoodi
Solid Waste (Garbage) Related,Garbage dump,Rajamahal
Health Dept,Air/Noise pollution,Varthur
Solid Waste (Garbage) Related,Garbage vehicle not arrived,Vignana Nagar
Forest,Removal of dead/fallen trees,Madiwala
Others,Others,Subedarapalya
Solid Waste (Garbage) Related,Garbage vehicle not arrived,Kodigehalli
Solid Waste (Garbage) Related,Garbage dump,Kaveripura
Road Maintenance(Engg),Potholes,Mangammanapalya
Solid Waste (Garbage) Related,Garbage dumping in vacant sites,Vasanthapura
Solid Waste (Garbage) Related,Sweeping not done,Kadugondanahalli
Road Maintenance(Engg),Footpath,Subhash Nagar
Storm  Water Drain(SWD),Sewerage water left in SWD,Someshwara
Health Dept,Unhygienic premises in Hotel etc,BTM Layout
Road Maintenance(Engg),Footpath,Binnipet
Health Dept,Air/Noise pollution,Jakkur
Road Maintenance(Engg),Debris Removal / Construction Material,Kadugondanahalli
Health Dept,Increase in mosquito density,BTM Layout
Road Maintenance(Engg),Potholes,Basavanapura
veterinary,Animal Rescue - Not well - Requires attention,BTM Layout
Solid Waste (Garbage) Related,Sweeping not done,HBR Layout
veterinary,Animal Rescue - Not well - Requires attention,Rajarajeshwari Nagar
Electrical,Street Light Not Working,Bharathi Nagar
Road Maintenance(Engg),Footpath,Padmanabha Nagar
veterinary,Stray dog related complaints,HSR Layout
Road Maintenance(Engg),Footpath,Sampangiram Nagar
Forest,Removal of dead/fallen trees,Subedarapalya
veterinary,Animal birth control/neutering of stray dogs,J.P.Park
Sanitation,Public toilet(s) blockage,Thanisandra
Electrical,Street Light Not Working,Ramaswamy Palya
Forest,obstructions Branches / Trees.,Jagajeevanram Nagar
Forest,obstructions Branches / Trees.,Vasanthapura
Forest,obstructions Branches / Trees.,Deepanjali Nagar
veterinary,Stray dog related complaints,Vijanapura
Solid Waste (Garbage) Related,Garbage dump,Kushal Nagar
Others,Others,Vishwanathnagenahalli
Road Maintenance(Engg),Potholes,Vasanthapura
Solid Waste (Garbage) Related,Burning of Garbage in Open Space,Byatarayanapura
Forest,obstructions Branches / Trees.,Singasandra
Forest,Removal of dead/fallen trees,Gurappanapalya
veterinary,Animal birth control/neutering of stray dogs,Kottigepalya
Electrical,Requirement For New Street Lights,Gandhi Nagar
veterinary,Stray pig related complaints,Kengeri
Road Maintenance(Engg),Debris Removal / Construction Material,Shakambari Nagar
Solid Waste (Garbage) Related,Garbage dump,HAL Airport
Lakes,Lake not maintained properly,Ullalu
Road Maintenance(Engg),Footpath,Hoysala Nagar
veterinary,Dog, cat Poor conditions / Breeding license validation,Vidyaranyapura
Road Maintenance(Engg),Debris Removal / Construction Material,Begur
Electrical,Street Light Not Working,Prakash Nagar
Health Dept,Air/Noise pollution,Ganga Nagar
Forest,obstructions Branches / Trees.,J.P.Nagar
Solid Waste (Garbage) Related,Sweeping not done,Konanakunte
Health Dept,Zonal Violation of the Building,Koramangala
Electrical,Street Light Not Working,Govindraja Nagara
Road Infrastructure,Road Infrastructure,Shakthiganapathi Nagar
Forest,obstructions Branches / Trees.,Gottigere
Electrical,Street Light Not Working,Domlur
Road Maintenance(Engg),Potholes,Bellandur
Electrical,Street Light Not Working,Jayachamarajendra Nagar
Road Maintenance(Engg),Potholes,Arakere
Electrical,Street Light Not Working,Karisandra
Road Maintenance(Engg),Potholes,Hoodi
Solid Waste (Garbage) Related,Garbage dump,Jalahalli
Advertisement,Flex and banners,Gali Anjaneya Swamy Temple Ward
Road Maintenance(Engg),Potholes,Yelachenahalli
Electrical,Street Light Not Working,Sunkenahalli
Electrical,Street Light Not Working,Maruthi Seva Nagar
Electrical,Street Light Not Working,Ulsoor
Solid Waste (Garbage) Related,Dead animal(s),Ejipura
Parks and Play grounds,Gym/Children Play equipment in the parks,Jayamahal
Road Maintenance(Engg),Road side drains,Pattabhiram Nagar
Road Maintenance(Engg),Road cutting,Muneshwara Nagar
Solid Waste (Garbage) Related,Garbage nuisance while transporting,Jalahalli
Solid Waste (Garbage) Related,Garbage dump,Ulsoor
Road Infrastructure,Road Infrastructure,Doddabommasandra
Road Maintenance(Engg),Road cutting,Kuvempu Nagar
Road Maintenance(Engg),Road side drains,Basaveshwara Nagar
Electrical,Street Light Not Working,Pulikeshi Nagar
Solid Waste (Garbage) Related,Garbage dumping in vacant sites,Begur
Forest,Removal of dead/fallen trees,Sampangiram Nagar
Road Maintenance(Engg),Potholes,Marathalli
Forest,Removal of dead/fallen trees,Byatarayanapura
Electrical,Street Light Not Working,Sarvagna Nagar
veterinary,Fatally injured - Needs immediate attention,Mathikere
Solid Waste (Garbage) Related,Garbage vehicle not arrived,Agrahara Dasarahalli
veterinary,Fatally injured - Needs immediate attention,Bellandur
Solid Waste (Garbage) Related,Garbage dump,Radhakrishna Temple
veterinary,Animal Rescue - Not well - Requires attention,HSR Layout
Health Dept,Dengue positive,HSR Layout
Health Dept,Dengue positive,Aramane Nagar
Solid Waste (Garbage) Related,Garbage dump,Govindraja Nagara
Road Maintenance(Engg),Road side drains,Ramamurthy Nagar
Health Dept,Dengue positive,Arakere
Storm  Water Drain(SWD),Maintenance of SWD,Someshwara
Others,Others,Hagadooru
Health Dept,Dengue positive,Shakthiganapathi Nagar
veterinary,Animal Rescue - Not well - Requires attention,Pulikeshi Nagar
Health Dept,Dengue positive,A.Narayanapura
E khata / Khata services,ekhata approval pending with ARO,Garudacharpalya
Storm  Water Drain(SWD),Sewerage water left in SWD,Bilekahalli
Solid Waste (Garbage) Related,Garbage dump,Gandhi Nagar
Health Dept,Dengue positive,Sri Nagar
Health Dept,Dengue positive,Banaswadi
Markets,Trade License,Hagadooru
E khata / Khata services,ekhata approval pending with ARO,Pattabhiram Nagar
Health Dept,Dengue positive,C.V.Raman Nagar
Health Dept,Unhygienic premises in Hotel etc,Newthippasandra
Health Dept,Dengue positive,Kuvempu Nagar
Health Dept,Dengue positive,Basavanapura
Electrical,Street Light Not Working,Mathikere
Road Maintenance(Engg),Footpath,Doddanekkundi
Health Dept,Dengue positive,Jogupalya
Health Dept,Unhygienic premises in Hotel etc,Sudduguntepalya
Health Dept,Air/Noise pollution,Domlur
Electrical,Street Light Not Working,Jayanagar East
Forest,obstructions Branches / Trees.,Sri Nagar
Forest,obstructions Branches / Trees.,Vignana Nagar
Road Maintenance(Engg),Potholes,Sunkenahalli
Electrical,Street Light Not Working,Yeshwanthpur
E khata / Khata services,Other Khata / ekhata issues,Someshwara
Forest,obstructions Branches / Trees.,Kodigehalli
Solid Waste (Garbage) Related,Garbage dump,A.Narayanapura
Road Maintenance(Engg),Debris Removal / Construction Material,Jogupalya
Solid Waste (Garbage) Related,Garbage dumping in vacant sites,Sarakki
Others,Others,Doddanekkundi
Electrical,Requirement For New Street Lights,Domlur
Solid Waste (Garbage) Related,Garbage vehicle not arrived,Banaswadi
Forest,Issues related Snakes/Birds/Monkeys,Ullalu
Electrical,Earthing Issue relate to Electric Poles/Panel Boards,Jnanabharathi Ward
veterinary,Fatally injured - Needs immediate attention,Gottigere
Solid Waste (Garbage) Related,Garbage vehicle not arrived,Vidyaranyapura
Health Dept,Air/Noise pollution,Koramangala
Electrical,Open Electrical Junction Box,Yelahanka old Satellite Town
Forest,obstructions Branches / Trees.,Koramangala
Electrical,Street Light Not Working,Kaveripura
Storm  Water Drain(SWD),Maintenance of SWD,Koramangala
Road Maintenance(Engg),water leakage on road,Shanthala Nagar
Forest,obstructions Branches / Trees.,Chokkasandra
Road Maintenance(Engg),Road side drains,Jeevanbhima Nagar
Solid Waste (Garbage) Related,Garbage vehicle not arrived,BTM Layout
Forest,obstructions Branches / Trees.,Banaswadi
Electrical,Street Lights Switched On During Day Time,Arakere
Forest,Removal of dead/fallen trees,Sri Rammandira
Forest,Removal of dead/fallen trees,Rajaji Nagar
Solid Waste (Garbage) Related,Sweeping not done,Arakere
Storm  Water Drain(SWD),Sewerage water left in SWD,Dharmarayaswamy Temple Ward
veterinary,Stray dog related complaints,Malleshwaram
Road Infrastructure,Road Infrastructure,Kadugodi
veterinary,Stray dog related complaints,Bagalagunte
E khata / Khata services,Ekhata missing in online,Herohalli
E khata / Khata services,Technical Issue In Ekhata,Banaswadi
Forest,obstructions Branches / Trees.,Someshwara
E khata / Khata services,Ekhata missing in online,Chikpete
Road Maintenance(Engg),Road side drains,Gottigere
Solid Waste (Garbage) Related,Dead animal(s),Herohalli
Forest,obstructions Branches / Trees.,Newthippasandra
Forest,Removal of dead/fallen trees,Vasanthapura
E khata / Khata services,Technical Issue In Ekhata,Jaraganahalli
Road Maintenance(Engg),Road side drains,Banaswadi
Electrical,Street Lights Switched On During Day Time,Vishwanathnagenahalli
Road Maintenance(Engg),footpath encroachment,Mangammanapalya
Sanitation,Urination in Public/Open Defecation,Chikpete
Road Maintenance(Engg),Footpath,Hoodi
Health Dept,Air/Noise pollution,Kottigepalya
E khata / Khata services,Ekhata missing in online,Govindraja Nagara
Solid Waste (Garbage) Related,Public dustbins not cleaned,HSR Layout
Forest,obstructions Branches / Trees.,Mathikere
Solid Waste (Garbage) Related,Garbage dump,Doddabommasandra
veterinary,Stray dog related complaints,Hampi Nagar
E khata / Khata services,ekhata approval pending with ARO,Puttenahalli
Solid Waste (Garbage) Related,Garbage dump,Bharathi Nagar
Health Dept,Birth & Death Registration,Kengeri
Health Dept,Air/Noise pollution,Byatarayanapura
Electrical,Requirement For New Street Lights,Marappana Palya
Electrical,Street Light Not Working,Maruthi Mandira Ward
Solid Waste (Garbage) Related,Garbage vehicle not arrived,Attiguppe
Forest,obstructions Branches / Trees.,Herohalli
Revenue Department,Khata Services (Registration, Transfer, Bifurcation and Amalgamation),Newthippasandra
veterinary,Stray dog related complaints,Basaveshwara Nagar
Road Maintenance(Engg),Potholes,Basavanagudi
Solid Waste (Garbage) Related,Garbage vehicle not arrived,Hegganahalli
Solid Waste (Garbage) Related,Sweeping not done,Jnanabharathi Ward
Road Maintenance(Engg),Potholes,Someshwara
Road Maintenance(Engg),Road side drains,Konena Agrahara
Others,Others,Bommanahalli
veterinary,shifting of the street dogs to other places,Rajaji Nagar
Parks and Play grounds,Issues Related to Parks/Medians/Circles/Island.,Doddanekkundi
veterinary,Animal Rescue - Not well - Requires attention,Hagadooru
Electrical,Street Light Not Working,Rajamahal
Road Maintenance(Engg),Potholes,Sudduguntepalya
Solid Waste (Garbage) Related,Garbage vehicle not arrived,Hongasandra
Solid Waste (Garbage) Related,Dead animal(s),K.R.Market
Forest,Removal of dead/fallen trees,Kottigepalya
Advertisement,Unsafe Hoardings,Rajarajeshwari Nagar
E khata / Khata services,Other Khata / ekhata issues,Bellandur
Solid Waste (Garbage) Related,Garbage dump,Hampi Nagar
Town Planning,UnAuthorised Building Constructions,Chikpete
E khata / Khata services,Technical Issue In Ekhata,Hegganahalli
veterinary,Stray/Rabid dog bite,Begur
Others,Others,Byatarayanapura
Road Maintenance(Engg),Road side drains,Sudduguntepalya
E khata / Khata services,Other Khata / ekhata issues,Kadugodi
Road Maintenance(Engg),Road side drains,K.R.Puram
Sanitation,Public toilet(s) blockage,K.R.Puram
Sanitation,Public toilet(s) blockage,Shakambari Nagar
Road Maintenance(Engg),Potholes,HSR Layout
Advertisement,Flex and banners,Attiguppe
Sanitation,No electricity in public toilet(s),Gottigere
Forest,obstructions Branches / Trees.,Peenya Industrial Area
Road Maintenance(Engg),footpath encroachment,Gurappanapalya
Solid Waste (Garbage) Related,Garbage dumping in vacant sites,Ramaswamy Palya
E khata / Khata services,Khata / Ekhata mutation / transfer,Nayandanahalli
Electrical,Park Lights Not Working,Aramane Nagar
Parks and Play grounds,Gym/Children Play equipment in the parks,Vidyapeetha
Road Maintenance(Engg),Road side drains,Garudacharpalya
Solid Waste (Garbage) Related,Garbage dumping in vacant sites,Jakkasandra
E khata / Khata services,Ekhata Other corrections,Hagadooru
Forest,obstructions Branches / Trees.,Chamrajpet
E khata / Khata services,ekhata approval pending with ARO,Doddanekkundi
Storm  Water Drain(SWD),Maintenance of SWD,Yelachenahalli
Road Maintenance(Engg),Debris Removal / Construction Material,Jayachamarajendra Nagar
Revenue Department,Unable to generate the property tax challan,C.V.Raman Nagar
Forest,obstructions Branches / Trees.,Bapuji Nagar
E khata / Khata services,Other Khata / ekhata issues,Hoysala Nagar
Solid Waste (Garbage) Related,Garbage dumping in vacant sites,Gottigere
Road Maintenance(Engg),Potholes,Maruthi Seva Nagar
E khata / Khata services,Other Khata / ekhata issues,Ejipura
Solid Waste (Garbage) Related,Garbage dump,Mahalakshmipuram
Road Maintenance(Engg),Road cutting,Jayanagar East
Traffic Engineer Cell (TEC),TEC,Hongasandra
veterinary,Illegal pet shop / Animal cruelty / license check,Rajaji Nagar
Electrical,Open Electrical Junction Box,Hebbal
Forest,Removal of dead/fallen trees,Begur
Road Maintenance(Engg),Debris Removal / Construction Material,Chikpete
Welfare Schemes,Senior  Citizen,Begur
Solid Waste (Garbage) Related,Dead animal(s),Kuvempu Nagar
veterinary,Stray/Rabid dog bite,Jaraganahalli
E khata / Khata services,Other Khata / ekhata issues,Dodda Bidarkallu
E khata / Khata services,Ekhata missing in online,Thanisandra
Road Maintenance(Engg),Debris Removal / Construction Material,Moodalapalya
Forest,obstructions Branches / Trees.,Bagalagunte
Road Maintenance(Engg),Road side drains,Laggere
Road Maintenance(Engg),Debris Removal / Construction Material,HAL Airport
Forest,obstructions Branches / Trees.,Okalipuram
veterinary,shifting of the street dogs to other places,J.P.Nagar
Electrical,Street Light Not Working,S.K.Garden
veterinary,Stray dog related complaints,Doddanekkundi
Lakes,Dying of fishes in lake,Vasanthapura
E khata / Khata services,Other Khata / ekhata issues,Varthur
Solid Waste (Garbage) Related,Sweeping not done,Vidyapeetha
Road Maintenance(Engg),Potholes,Nayandanahalli
E khata / Khata services,Technical Issue In Ekhata,H.M.T
Road Maintenance(Engg),Debris Removal / Construction Material,Jayanagar East
Revenue Department,Unable to generate the property tax challan,HBR Layout
Solid Waste (Garbage) Related,Garbage dump,Marenahalli
Solid Waste (Garbage) Related,Garbage vehicle not arrived,Ejipura
Road Maintenance(Engg),Debris Removal / Construction Material,Chokkasandra
Welfare Schemes,Senior  Citizen,Bilekahalli
Solid Waste (Garbage) Related,Garbage dump,Bilekahalli
Road Maintenance(Engg),footpath encroachment,Ulsoor
Road Maintenance(Engg),Debris Removal / Construction Material,HSR Layout
Electrical,Street Light Not Working,Shiva Nagar
Optical Fiber Cables (OFC),Without permission digging of road,Vijanapura
Advertisement,Flex and banners,Basavanapura
Solid Waste (Garbage) Related,Garbage vehicle not arrived,Mathikere
Others,Others,Moodalapalya
Solid Waste (Garbage) Related,Garbage dump,Hosahalli
Road Maintenance(Engg),Road cutting,Bommanahalli
E khata / Khata services,Ekhata Area Correction,Arakere
Solid Waste (Garbage) Related,Garbage vehicle not arrived,Yelahanka old Satellite Town
Forest,obstructions Branches / Trees.,Devarajeevanahalli
E khata / Khata services,Khata / Ekhata mutation / transfer,Okalipuram
Revenue Department,Khata Services (Registration, Transfer, Bifurcation and Amalgamation),Jaraganahalli
Solid Waste (Garbage) Related,Garbage dump,Ramaswamy Palya
Forest,obstructions Branches / Trees.,Yadiyuru
Solid Waste (Garbage) Related,Garbage dumping in vacant sites,Dr.Rajkumar Ward
Solid Waste (Garbage) Related,Dead animal(s),Gali Anjaneya Swamy Temple Ward
Forest,obstructions Branches / Trees.,Rajamahal
Electrical,Street Lights Switched On During Day Time,Dodda Bidarkallu
Road Maintenance(Engg),Potholes,Shankaramata
veterinary,Fatally injured - Needs immediate attention,Kempegowda Ward
Forest,obstructions Branches / Trees.,Horamavu
Forest,obstructions Branches / Trees.,Gurappanapalya
Revenue Department,Khata Services (Registration, Transfer, Bifurcation and Amalgamation),Begur
Others,Others,HSR Layout
veterinary,Fatally injured - Needs immediate attention,Vignana Nagar
Forest,Removal of dead/fallen trees,Kodigehalli
Solid Waste (Garbage) Related,Sweeping not done,Horamavu
Solid Waste (Garbage) Related,Garbage vehicle not arrived,A.Narayanapura
E khata / Khata services,Ekhata missing in online,Ullalu
Solid Waste (Garbage) Related,Dead animal(s),Kadugodi
veterinary,Animal Rescue - Not well - Requires attention,Yelahanka old Satellite Town
Electrical,Street Light Not Working,Kempapura Agrahara
E khata / Khata services,Other Khata / ekhata issues,Konanakunte
veterinary,Fatally injured - Needs immediate attention,J.P.Park
Electrical,Requirement For New Street Lights,Hoysala Nagar
Road Maintenance(Engg),Road side drains,Bilekahalli
veterinary,Stray dog related complaints,Agrahara Dasarahalli
Road Maintenance(Engg),Road cutting,Kammanahalli
veterinary,shifting of the street dogs to other places,Vidyaranyapura
Road Maintenance(Engg),footpath encroachment,Bharathi Nagar
Town Planning,Construction not done as per approved plan (Building Bye Law Violations),Jakkur
Solid Waste (Garbage) Related,Garbage vehicle not arrived,K.R.Market
Forest,obstructions Branches / Trees.,Jakkur
Solid Waste (Garbage) Related,Garbage dump,Hebbal
Forest,Removal of dead/fallen trees,Dr.Rajkumar Ward
Road Maintenance(Engg),Footpath,Hemmigepura
E khata / Khata services,Ekhata Other corrections,Singasandra
Solid Waste (Garbage) Related,Garbage nuisance while transporting,Vasanth Nagar
veterinary,Stray cattle related complaints,Anjanapur
E khata / Khata services,Other Khata / ekhata issues,Hagadooru
veterinary,shifting of the street dogs to other places,Vasanthapura
veterinary,Stray/Rabid dog bite,Horamavu
Others,Others,Aramane Nagar
veterinary,Animal birth control/neutering of stray dogs,Horamavu
Others,Others,Mangammanapalya
Solid Waste (Garbage) Related,Complaint against SW collector/ SWM official for violation of SWM Rules,Kaveripura
Road Maintenance(Engg),Potholes,Kottigepalya
Road Maintenance(Engg),Road cutting,Gottigere
Solid Waste (Garbage) Related,Complaint against SW collector/ SWM official for violation of SWM Rules,Thanisandra
Forest,Removal of dead/fallen trees,Peenya Industrial Area
Solid Waste (Garbage) Related,Garbage dumping in vacant sites,Varthur
Road Maintenance(Engg),water stagnation,HSR Layout
veterinary,Stray/Rabid dog bite,Banaswadi
Solid Waste (Garbage) Related,Garbage dump,Madiwala
veterinary,Fatally injured - Needs immediate attention,Singasandra
Solid Waste (Garbage) Related,Garbage vehicle not arrived,J.P.Park
Road Maintenance(Engg),Potholes,Radhakrishna Temple
Storm  Water Drain(SWD),Maintenance of SWD,Madiwala
Electrical,Street Lights Switched On During Day Time,Bapuji Nagar
Road Maintenance(Engg),Road side drains,Jakkur
veterinary,Pet dog licence,Banashankari Temple Ward
Health Dept,Increase in mosquito density,Thanisandra
Solid Waste (Garbage) Related,Sweeping not done,Jakkur
Town Planning,UnAuthorised Building Constructions,Vrushabhavati Nagar
Parks and Play grounds,Issues Related to Parks/Medians/Circles/Island.,Horamavu
veterinary,shifting of the street dogs to other places,Horamavu
Others,Others,Horamavu
Road Maintenance(Engg),Debris Removal / Construction Material,Nayandanahalli
Solid Waste (Garbage) Related,Burning of Garbage in Open Space,Vignana Nagar
Solid Waste (Garbage) Related,Garbage vehicle not arrived,Kaveripura
Road Maintenance(Engg),Road cutting,Jalahalli
veterinary,Stray/Rabid dog bite,A.Narayanapura
Solid Waste (Garbage) Related,Sweeping not done,Doddabommasandra
veterinary,Animal birth control/neutering of stray dogs,Vijanapura
veterinary,Animal Rescue - Not well - Requires attention,Garudacharpalya
Solid Waste (Garbage) Related,Sweeping not done,Ullalu
Solid Waste (Garbage) Related,Sweeping not done,Agaram
Road Maintenance(Engg),Potholes,Hagadooru
Solid Waste (Garbage) Related,Garbage vehicle not arrived,Chamrajpet
Road Maintenance(Engg),Potholes,Puttenahalli
veterinary,Stray cattle related complaints,Varthur
Solid Waste (Garbage) Related,Garbage dump,Bagalagunte
Revenue Department,Khata Services (Registration, Transfer, Bifurcation and Amalgamation),Vasanthapura
Solid Waste (Garbage) Related,Garbage transfer not as per norms & area not kept clean,Doddanekkundi
Road Maintenance(Engg),Road cutting,Kodigehalli
Road Maintenance(Engg),Debris Removal / Construction Material,Gurappanapalya
Solid Waste (Garbage) Related,Garbage vehicle not arrived,Puttenahalli
Solid Waste (Garbage) Related,Garbage vehicle not arrived,Malleshwaram
Solid Waste (Garbage) Related,Burning of Garbage in Open Space,Varthur
Water Crisis,Water related issue,Vijay Nagar
Others,Others,Sudduguntepalya
Forest,obstructions Branches / Trees.,Shakambari Nagar
Health Dept,Increase in mosquito density,Basavanapura
veterinary,shifting of the street dogs to other places,Bilekahalli
Others,Others,Nayandanahalli
Electrical,Requirement For New Street Lights,Vignana Nagar
veterinary,Stray dog related complaints,Nagarabhavi
Health Dept,Increase in mosquito density,Rajarajeshwari Nagar
Road Maintenance(Engg),Potholes,Hanumantha Nagar
Solid Waste (Garbage) Related,Garbage dumping in vacant sites,Vidyapeetha
Revenue Department,Unable to Generate the receipt after property tax payment.,Konanakunte
veterinary,Stray dog related complaints,Vannarpet
Road Maintenance(Engg),water leakage on road,Vignana Nagar
Road Maintenance(Engg),Road side drains,Horamavu
Traffic Engineer Cell (TEC),TEC,Chamrajpet
Health Dept,Air/Noise pollution,Bellandur
Electrical,Street Light Not Working,Gangenahalli
Road Maintenance(Engg),Debris Removal / Construction Material,Sudduguntepalya
veterinary,Fatally injured - Needs immediate attention,Jayangar
Forest,obstructions Branches / Trees.,Benniganahalli
Electrical,Earthing Issue relate to Electric Poles/Panel Boards,Dodda Bidarkallu
Electrical,Street Light Not Working,Dayananda Nagar
Road Infrastructure,Road Infrastructure,Kacharakanahalli
Solid Waste (Garbage) Related,Garbage dump,Chikkalasandra
Storm  Water Drain(SWD),Maintenance of SWD,Domlur
veterinary,Animal Rescue - Not well - Requires attention,Nandini Layout
Revenue Department,Khata Services (Registration, Transfer, Bifurcation and Amalgamation),Basavanagudi
veterinary,Stray dog related complaints,Kodigehalli
veterinary,Stray dog related complaints,Mangammanapalya
Road Maintenance(Engg),Potholes,Yelahanka old Satellite Town
Road Maintenance(Engg),Debris Removal / Construction Material,Yelachenahalli
Road Infrastructure,Road Infrastructure,Benniganahalli
Solid Waste (Garbage) Related,Garbage vehicle not arrived,Mangammanapalya
Solid Waste (Garbage) Related,Dead animal(s),Domlur
E khata / Khata services,Ekhata missing in online,Vignana Nagar
Electrical,Street Light Not Working,Marenahalli
Solid Waste (Garbage) Related,Dead animal(s),Uttarahalli
Road Maintenance(Engg),Potholes,Chikkalasandra
Road Maintenance(Engg),water stagnation,Begur
Electrical,Requirement For New Street Lights,Bilekahalli
Storm  Water Drain(SWD),Garbage thrown in storm water drain,Shakambari Nagar
Solid Waste (Garbage) Related,Complaint against SW collector/ SWM official for violation of SWM Rules,Banaswadi
Solid Waste (Garbage) Related,Garbage dumping in vacant sites,Ulsoor
Parks and Play grounds,Play Grounds,Sunkenahalli
Road Infrastructure,Road Infrastructure,Banaswadi
Others,Others,Domlur
Road Maintenance(Engg),Debris Removal / Construction Material,Doddabommasandra
Road Maintenance(Engg),Debris Removal / Construction Material,Thanisandra
Storm  Water Drain(SWD),Maintenance of SWD,Vidyaranyapura
Electrical,Requirement For New Street Lights,Thanisandra
veterinary,Fatally injured - Needs immediate attention,Vasanth Nagar
Road Maintenance(Engg),Road side drains,Shakambari Nagar
veterinary,Stray cattle related complaints,Koramangala
Solid Waste (Garbage) Related,Dead animal(s),Nagarabhavi
Road Maintenance(Engg),footpath encroachment,Hagadooru
Solid Waste (Garbage) Related,Garbage vehicle not arrived,Chokkasandra
Solid Waste (Garbage) Related,Garbage vehicle not arrived,Sagayapuram
veterinary,Stray dog related complaints,Nagapura
veterinary,Animal Rescue - Not well - Requires attention,Dodda Bidarkallu
Solid Waste (Garbage) Related,Garbage dump,Peenya Industrial Area
Road Maintenance(Engg),Debris Removal / Construction Material,S.K.Garden
Storm  Water Drain(SWD),Garbage thrown in storm water drain,Pulikeshi Nagar
Solid Waste (Garbage) Related,Garbage dumping in vacant sites,Aramane Nagar
E khata / Khata services,Technical Issue In Ekhata,Puttenahalli
Forest,Removal of dead/fallen trees,Chamrajpet
Revenue Department,Discrepancy In Khata Certificate and Khata Extract,Gottigere
Road Maintenance(Engg),Potholes,Dodda Bidarkallu
Solid Waste (Garbage) Related,Dead animal(s),Yadiyuru
Road Maintenance(Engg),water stagnation,Horamavu
E khata / Khata services,Ekhata - name correction,Gurappanapalya
Forest,obstructions Branches / Trees.,Bellandur
Road Maintenance(Engg),Potholes,Singasandra
Road Maintenance(Engg),Potholes,Jogupalya
E khata / Khata services,Ekhata Other corrections,Hemmigepura
Health Dept,Increase in mosquito density,Kumaraswamy Layout
Road Maintenance(Engg),Debris Removal / Construction Material,Sunkenahalli
Electrical,Street Light Not Working,Kushal Nagar
Forest,obstructions Branches / Trees.,Sarvagna Nagar
Storm  Water Drain(SWD),Sewerage water left in SWD,Hemmigepura
Health Dept,Unhygienic premises in Hotel etc,Rajaji Nagar
E khata / Khata services,Other Khata / ekhata issues,Banaswadi
Solid Waste (Garbage) Related,Garbage dump,Siddapura
E khata / Khata services,Ekhata missing in online,Jakkasandra
Road Maintenance(Engg),Footpath,Laggere
Forest,Removal of dead/fallen trees,Konena Agrahara
veterinary,Animal birth control/neutering of stray dogs,Binnipet
veterinary,Fatally injured - Needs immediate attention,Kottigepalya
Revenue Department,Khata Services (Registration, Transfer, Bifurcation and Amalgamation),Kadugodi
Solid Waste (Garbage) Related,Garbage dump,Ullalu
Forest,Issues related Snakes/Birds/Monkeys,Kottigepalya
veterinary,Animal birth control/neutering of stray dogs,Singasandra
Road Maintenance(Engg),Potholes,Hongasandra
E khata / Khata services,Ekhata - name correction,Someshwara
Revenue Department,Unable to Generate the receipt after property tax payment.,Giri Nagar
Road Maintenance(Engg),Road side drains,Anjanapur
veterinary,Fatally injured - Needs immediate attention,Laggere
veterinary,Stray cattle related complaints,Benniganahalli
Storm  Water Drain(SWD),Garbage thrown in storm water drain,Hemmigepura
Solid Waste (Garbage) Related,Garbage dump,Marathalli
veterinary,Stray dog related complaints,Gottigere
Road Maintenance(Engg),UnAuthorised Constructions,J.P.Nagar
veterinary,Aged street dogs please take action,BTM Layout
E khata / Khata services,Ekhata Other corrections,Doddabommasandra
Solid Waste (Garbage) Related,Garbage vehicle not arrived,Kammanahalli
Solid Waste (Garbage) Related,Garbage vehicle not arrived,T-Dasarahalli
E khata / Khata services,Ekhata Other corrections,Shakambari Nagar
Solid Waste (Garbage) Related,Garbage dumping in vacant sites,Sudam Nagar
Solid Waste (Garbage) Related,Garbage vehicle not arrived,Muneshwara Nagar
Health Dept,Increase in mosquito density,Hebbal
veterinary,Stray/Rabid dog bite,Shettyhalli
Parks and Play grounds,Issues Related to Parks/Medians/Circles/Island.,Moodalapalya
Storm  Water Drain(SWD),Sewerage water left in SWD,Subhash Nagar
E khata / Khata services,Ekhata Other corrections,Gali Anjaneya Swamy Temple Ward
Road Maintenance(Engg),Debris Removal / Construction Material,Kacharakanahalli
Solid Waste (Garbage) Related,Garbage dump,Mangammanapalya
E khata / Khata services,Ekhata missing in online,Gottigere
Forest,Removal of dead/fallen trees,H.M.T
E khata / Khata services,Ekhata Area Correction,Gurappanapalya
veterinary,Animal Rescue - Not well - Requires attention,Jnanabharathi Ward
E khata / Khata services,Other Khata / ekhata issues,Uttarahalli
Forest,Removal of dead/fallen trees,Maruthi Mandira Ward
Forest,obstructions Branches / Trees.,Shanthi Nagar
Road Infrastructure,Road Infrastructure,Varthur
Road Maintenance(Engg),Debris Removal / Construction Material,Ganga Nagar
Town Planning,Noise during Building Construction,Giri Nagar
Forest,obstructions Branches / Trees.,Kavalbyrasandra
E khata / Khata services,Other Khata / ekhata issues,Sri Nagar
E khata / Khata services,ekhata approval pending with ARO,Vignana Nagar
Solid Waste (Garbage) Related,Sweeping not done,Domlur
Health Dept,Increase in mosquito density,Domlur
Forest,Removal of dead/fallen trees,Chowdeshwari Ward
E khata / Khata services,ekhata approval pending with ARO,Gottigere
veterinary,Fatally injured - Needs immediate attention,Azad Nagar
Road Maintenance(Engg),footpath encroachment,Gandhi Nagar
Solid Waste (Garbage) Related,Garbage dump,Shivaji Nagar
Solid Waste (Garbage) Related,Garbage dump,Jayanagar East
veterinary,Animal Cruelty/Ill-Treated / Abused,Deepanjali Nagar
Road Infrastructure,Road Infrastructure,Doddanekkundi
Road Maintenance(Engg),Road cutting,Hanumantha Nagar
E khata / Khata services,Ekhata missing in online,Bellandur
E khata / Khata services,Other Khata / ekhata issues,Yelachenahalli
E khata / Khata services,Ekhata - name correction,Hemmigepura
Town Planning,UnAuthorised Building Constructions,Vasanthapura
E khata / Khata services,Ekhata Area Correction,Subramanya Nagar
Road Maintenance(Engg),Debris Removal / Construction Material,Vidyaranyapura
Road Infrastructure,Road Infrastructure,Nagapura
Road Maintenance(Engg),Road side drains,Singasandra
Parks and Play grounds,Issues Related to Parks/Medians/Circles/Island.,Shakambari Nagar
veterinary,Animal Rescue - Not well - Requires attention,Vidyaranyapura
Revenue Department,Khata Services (Registration, Transfer, Bifurcation and Amalgamation),Hoodi
Solid Waste (Garbage) Related,Garbage dump,Neelasandra
Solid Waste (Garbage) Related,Garbage dumping in vacant sites,Singasandra
E khata / Khata services,Technical Issue In Ekhata,Jakkasandra
Solid Waste (Garbage) Related,Garbage dumping in vacant sites,Hoodi
Solid Waste (Garbage) Related,Sweeping not done,Siddapura
Solid Waste (Garbage) Related,Garbage dumping in vacant sites,Kuvempu Nagar
Health Dept,Increase in mosquito density,Vignana Nagar
Forest,Removal of dead/fallen trees,Bilekahalli
Forest,obstructions Branches / Trees.,Shiva Nagar
Health Dept,Spraying,Vijanapura
Road Maintenance(Engg),water stagnation,Marathalli
Solid Waste (Garbage) Related,Garbage dumping in vacant sites,Siddapura
Town Planning,UnAuthorised Building Constructions,Herohalli
Storm  Water Drain(SWD),Sewerage water left in SWD,Kottigepalya
Forest,obstructions Branches / Trees.,Yelahanka old Satellite Town
Road Maintenance(Engg),Footpath,Basavanagudi
E khata / Khata services,Other Khata / ekhata issues,Hoodi
Road Maintenance(Engg),water stagnation,Kodigehalli
Solid Waste (Garbage) Related,Garbage dump,Malleshwaram
E khata / Khata services,new Khata / Ekhata registration / creation,Varthur
Estate,Encroachment,Doddanekkundi
veterinary,Animal Rescue - Not well - Requires attention,Mangammanapalya
Forest,obstructions Branches / Trees.,Hegganahalli
Town Planning,UnAuthorised Building Constructions,Domlur
Road Maintenance(Engg),Footpath,Sri Nagar
Road Maintenance(Engg),Road side drains,Mangammanapalya
Revenue Department,Discrepancy In Khata Certificate and Khata Extract,Shankaramata
E khata / Khata services,Other Khata / ekhata issues,Banashankari Temple Ward
Road Infrastructure,Road Infrastructure,Padmanabha Nagar
Forest,obstructions Branches / Trees.,Ganeshmandira Ward
Road Maintenance(Engg),Road side drains,Kuvempu Nagar
veterinary,Stray/Rabid dog bite,Dodda Bidarkallu
veterinary,Animal birth control/neutering of stray dogs,Basavanagudi
veterinary,Animal birth control/neutering of stray dogs,Uttarahalli
Solid Waste (Garbage) Related,Garbage vehicle not arrived,Shanthala Nagar
Solid Waste (Garbage) Related,Garbage dump,Jayachamarajendra Nagar
Forest,Removal of dead/fallen trees,Jayachamarajendra Nagar
Solid Waste (Garbage) Related,Sweeping not done,Dharmarayaswamy Temple Ward
Forest,obstructions Branches / Trees.,Ulsoor
Solid Waste (Garbage) Related,Sweeping not done,Basavanagudi
Solid Waste (Garbage) Related,Sweeping not done,Yelachenahalli
Health Dept,Increase in mosquito density,Radhakrishna Temple
Health Dept,Spraying,Domlur
veterinary,Stray/Rabid dog bite,Varthur
veterinary,Fatally injured - Needs immediate attention,Pulikeshi Nagar
Health Dept,Increase in mosquito density,Arakere
veterinary,shifting of the street dogs to other places,Varthur
Road Maintenance(Engg),Debris Removal / Construction Material,Adugodi
E khata / Khata services,Ekhata Area Correction,Deepanjali Nagar
Projects Central,Potholes,Hoysala Nagar
Solid Waste (Garbage) Related,Garbage dump,Jayamahal
Solid Waste (Garbage) Related,Garbage dump,Rajagopala Nagar
Road Maintenance(Engg),Road side drains,Vidyaranyapura
Road Maintenance(Engg),water stagnation,Muneshwara Nagar
Road Maintenance(Engg),Debris Removal / Construction Material,Ramamurthy Nagar
veterinary,Animal Surgery gone wrong,Doddanekkundi
Solid Waste (Garbage) Related,Garbage transfer not as per norms & area not kept clean,Kadugondanahalli
Solid Waste (Garbage) Related,Sweeping not done,Byatarayanapura
Road Infrastructure,Road Infrastructure,Chikpete
Projects Central,Stagnation of water on road/ Water logging,Jayanagar East
Solid Waste (Garbage) Related,Complaint against SW collector/ SWM official for violation of SWM Rules,Jayachamarajendra Nagar
E khata / Khata services,Other Khata / ekhata issues,Singasandra
veterinary,Animal Rescue - Not well - Requires attention,Dharmarayaswamy Temple Ward
Solid Waste (Garbage) Related,Garbage vehicle not arrived,Nagarabhavi
Forest,Removal of dead/fallen trees,Hosakerehalli
Solid Waste (Garbage) Related,Sweeping not done,Ejipura
Road Infrastructure,Road Infrastructure,Gurappanapalya
Forest,obstructions Branches / Trees.,Kadugodi
Health Dept,Zonal Violation of the Building,Jeevanbhima Nagar
Electrical,Street Lights Switched On During Day Time,Doddabommasandra
E khata / Khata services,Other Khata / ekhata issues,HAL Airport
Solid Waste (Garbage) Related,Sweeping not done,Newthippasandra
Health Dept,Dengue positive,S.K.Garden
Advertisement,Flex and banners,Bellandur
Health Dept,Unhygienic premises in Hotel etc,Jeevanbhima Nagar
E khata / Khata services,Other Khata / ekhata issues,Basaveshwara Nagar
veterinary,Stray dog related complaints,Govindraja Nagara
Health Dept,Dengue positive,Nagavara
Health Dept,Fogging,Basavanagudi
Road Infrastructure,Road Infrastructure,Rajarajeshwari Nagar
Road Maintenance(Engg),Debris Removal / Construction Material,Marathalli
Health Dept,Dengue positive,Varthur
Advertisement,Flex and banners,K.R.Puram
Road Maintenance(Engg),Road cutting,Shanthala Nagar
Road Maintenance(Engg),Road side drains,Nayandanahalli
Road Maintenance(Engg),Footpath,Hagadooru
Road Maintenance(Engg),Debris Removal / Construction Material,Sanjay Nagar
Health Dept,Dengue positive,Kempegowda Ward
Solid Waste (Garbage) Related,Garbage dumping in vacant sites,Kamakshipalya
veterinary,Fatally injured - Needs immediate attention,Begur
Road Maintenance(Engg),Debris Removal / Construction Material,Hongasandra
E khata / Khata services,Other Khata / ekhata issues,HSR Layout
Solid Waste (Garbage) Related,Sweeping not done,Sarvagna Nagar
Solid Waste (Garbage) Related,Garbage dumping in vacant sites,Ganga Nagar
Health Dept,Dengue positive,BTM Layout
Health Dept,Dengue positive,K.R.Puram
Solid Waste (Garbage) Related,Garbage dumping in vacant sites,Pulikeshi Nagar
Health Dept,Dengue positive,Attiguppe
Health Dept,Dengue positive,Sagayapuram
Parks and Play grounds,Issues Related to Parks/Medians/Circles/Island.,Arakere
veterinary,Fatally injured - Needs immediate attention,Padmanabha Nagar
Health Dept,Dengue positive,Mangammanapalya
Parks and Play grounds,Issues Related to Parks/Medians/Circles/Island.,Benniganahalli
veterinary,Mutton/Chicken/fish stall Unhygienic maintenance,Sagayapuram
Road Infrastructure,Road Infrastructure,Kammanahalli
Health Dept,Dengue positive,Kammanahalli
Revenue Department,Khata Services (Registration, Transfer, Bifurcation and Amalgamation),Thanisandra
Health Dept,Increase in mosquito density,Kammanahalli
Road Maintenance(Engg),Potholes,Mathikere
Health Dept,Dengue positive,Dharmarayaswamy Temple Ward
Electrical,Requirement For New Street Lights,Kengeri
Solid Waste (Garbage) Related,Sweeping not done,Kumaraswamy Layout
Plastic,Use of banned single use plastic,Padmanabha Nagar
Solid Waste (Garbage) Related,Garbage vehicle not arrived,Bapuji Nagar
Solid Waste (Garbage) Related,Garbage dump,Moodalapalya
Revenue Department,Discrepancy In Khata Certificate and Khata Extract,Anjanapur
the link is not enabled in e aasthi portal for pid 7321683637,because it is still in RI Pending from 3 months. So please do the approval for provisional khata then correction link will open as you have already said in previous responses.,
so that correction link will enable.,,
Forest,obstructions Branches / Trees.,Garudacharpalya
Storm  Water Drain(SWD),Garbage thrown in storm water drain,Banaswadi
Parks and Play grounds,Issues Related to Parks/Medians/Circles/Island.,Karisandra
veterinary,Anti Rabies Vaccination of stray dogs,Nagapura
veterinary,Stray dog related complaints,Moodalapalya
E khata / Khata services,Ekhata - name correction,Shanthala Nagar
Solid Waste (Garbage) Related,Garbage dump,Binnipet
Electrical,Requirement For New Street Lights,Chikpete
Solid Waste (Garbage) Related,Sweeping not done,Katriguppe
Road Maintenance(Engg),Debris Removal / Construction Material,Pulikeshi Nagar
Road Maintenance(Engg),Footpath,Nayandanahalli
Town Planning,UnAuthorised Building Constructions,Jnanabharathi Ward
Forest,obstructions Branches / Trees.,Malleshwaram
Solid Waste (Garbage) Related,Sweeping not done,H.M.T
Forest,obstructions Branches / Trees.,Hongasandra
Electrical,Street Lights Switched On During Day Time,Jakkur
Road Maintenance(Engg),Potholes,Chamrajpet
veterinary,Animal Rescue - Not well - Requires attention,Sagayapuram
Solid Waste (Garbage) Related,Burning of Garbage in Open Space,Bellandur
veterinary,Stray dog related complaints,Manorayanapalya
Road Maintenance(Engg),Footpath,Katriguppe
Road Maintenance(Engg),Footpath,Pattabhiram Nagar
Parks and Play grounds,Issues Related to Parks/Medians/Circles/Island.,Vidyaranyapura
Road Maintenance(Engg),footpath encroachment,HBR Layout
E khata / Khata services,Ekhata Other corrections,Gottigere
veterinary,Stray/Rabid dog bite,Konanakunte
Solid Waste (Garbage) Related,Garbage vehicle not arrived,Jakkasandra
Solid Waste (Garbage) Related,Garbage dump,Hosakerehalli
Road Maintenance(Engg),Debris Removal / Construction Material,Yelahanka old Satellite Town
Solid Waste (Garbage) Related,Garbage dump,J.P.Park
Forest,Removal of dead/fallen trees,Sanjay Nagar
veterinary,Stray dog related complaints,Shanthala Nagar
Solid Waste (Garbage) Related,Sweeping not done,Padmanabha Nagar
veterinary,Stray/Rabid dog bite,HBR Layout
Forest,Issues related Snakes/Birds/Monkeys,Kumaraswamy Layout
Solid Waste (Garbage) Related,Garbage dump,Gangenahalli
Road Maintenance(Engg),Potholes,Byrasandra
veterinary,Animal Rescue - Not well - Requires attention,Mallasandra
veterinary,Stray dog related complaints,Banaswadi
Revenue Department,Khata Services (Registration, Transfer, Bifurcation and Amalgamation),Nayandanahalli
veterinary,Animal Rescue - Not well - Requires attention,Newthippasandra
Storm  Water Drain(SWD),Maintenance of SWD,Garudacharpalya
Road Maintenance(Engg),water stagnation,Byatarayanapura
Road Infrastructure,Road Infrastructure,Hoodi
Electrical,Park Lights Not Working,Bapuji Nagar
Road Maintenance(Engg),Debris Removal / Construction Material,Vignana Nagar
Storm  Water Drain(SWD),Sewerage water left in SWD,Herohalli
Road Maintenance(Engg),Footpath,Byatarayanapura
Solid Waste (Garbage) Related,Sweeping not done,Sri Rammandira
Road Maintenance(Engg),UnAuthorised Constructions,C.V.Raman Nagar
Road Maintenance(Engg),Road cutting,Konena Agrahara
E khata / Khata services,Other Khata / ekhata issues,Vasanthapura
veterinary,Fatally injured - Needs immediate attention,Nagapura
Solid Waste (Garbage) Related,Sweeping not done,Cottonpet
Road Maintenance(Engg),Potholes,Varthur
Parks and Play grounds,Gym/Children Play equipment in the parks,Vijay Nagar
Solid Waste (Garbage) Related,Dead animal(s),Singasandra
Road Maintenance(Engg),water leakage on road,Doddanekkundi
Solid Waste (Garbage) Related,Sweeping not done,Lingarajapuram
Solid Waste (Garbage) Related,Complaint against SW collector/ SWM official for violation of SWM Rules,BTM Layout
Road Maintenance(Engg),footpath encroachment,Jayamahal
Road Maintenance(Engg),footpath encroachment,Thanisandra
veterinary,Stray/Rabid dog bite,Vijanapura
Health Dept,Unhygienic premises in Hotel etc,Sudam Nagar
Advertisement,Flex and banners,Hosakerehalli
Forest,Removal of dead/fallen trees,Domlur
Forest,Removal of dead/fallen trees,Jayanagar East
Road Maintenance(Engg),Potholes,Vishwanathnagenahalli
Solid Waste (Garbage) Related,Dead animal(s),Hemmigepura
Road Maintenance(Engg),Footpath,Hongasandra
Solid Waste (Garbage) Related,Garbage transfer not as per norms & area not kept clean,Giri Nagar
Solid Waste (Garbage) Related,Garbage vehicle not arrived,Gurappanapalya
Road Maintenance(Engg),Footpath,Ganga Nagar
Town Planning,Noise during Building Construction,Jakkur
veterinary,Animal Rescue - Not well - Requires attention,Chikkalasandra
Road Maintenance(Engg),Footpath,Vignana Nagar
Road Maintenance(Engg),footpath encroachment,Benniganahalli
Solid Waste (Garbage) Related,Public dustbins not cleaned,Manorayanapalya
Road Maintenance(Engg),Road side drains,Sarakki
Solid Waste (Garbage) Related,Public dustbins not cleaned,Bommanahalli
Solid Waste (Garbage) Related,Garbage vehicle not arrived,Kushal Nagar
Lakes,Dumping of garbage into lake,Singasandra
Advertisement,Flex and banners,Varthur
Solid Waste (Garbage) Related,Complaint against SW collector/ SWM official for violation of SWM Rules,Hosakerehalli
veterinary,Animal Rescue - Not well - Requires attention,Lakkasandra
veterinary,Stray dog related complaints,Kuvempu Nagar
Road Maintenance(Engg),Potholes,Doddanekkundi
Road Infrastructure,Road Infrastructure,Ramamurthy Nagar
veterinary,Stray dog related complaints,Hongasandra
Road Maintenance(Engg),Footpath,Sanjay Nagar
veterinary,Anti Rabies Vaccination of stray dogs,Vannarpet
Forest,Removal of dead/fallen trees,Bellandur
Others,Others,Hombegowda Nagar
Forest,obstructions Branches / Trees.,Sanjay Nagar
veterinary,shifting of the street dogs to other places,Gottigere
Solid Waste (Garbage) Related,Burning of Garbage in Open Space,Someshwara
Storm  Water Drain(SWD),Garbage thrown in storm water drain,Domlur
Road Maintenance(Engg),Road side drains,Chokkasandra
Electrical,Park Lights Not Working,Marathalli
Solid Waste (Garbage) Related,Garbage transfer not as per norms & area not kept clean,Yelachenahalli
Solid Waste (Garbage) Related,Garbage dump,Hanumantha Nagar
Solid Waste (Garbage) Related,Garbage dumping in vacant sites,Bellandur
Solid Waste (Garbage) Related,Garbage dumping in vacant sites,Kempegowda Ward
Forest,obstructions Branches / Trees.,Yelachenahalli
Solid Waste (Garbage) Related,Dead animal(s),Kaveripura
Indira Canteen,Food Quality,Doddabommasandra
Electrical,Requirement For New Street Lights,Bagalagunte
Electrical,Requirement For New Street Lights,Rajarajeshwari Nagar
Solid Waste (Garbage) Related,Garbage dumping in vacant sites,C.V.Raman Nagar
veterinary,Animal Rescue - Not well - Requires attention,Bellandur
Road Infrastructure,Road Infrastructure,Horamavu
Forest,Removal of dead/fallen trees,Azad Nagar
Road Maintenance(Engg),Debris Removal / Construction Material,Basaveshwara Nagar
Forest,Removal of dead/fallen trees,Siddapura
Water Crisis,Water related issue,Jayanagar East
veterinary,Animal Rescue - Not well - Requires attention,Koramangala
Road Maintenance(Engg),Debris Removal / Construction Material,Ramaswamy Palya
Forest,obstructions Branches / Trees.,Jayanagar East
Storm  Water Drain(SWD),Garbage thrown in storm water drain,Basavanapura
Electrical,Park Lights Not Working,Giri Nagar
Parks and Play grounds,Environmental protection,Horamavu
Health Dept,Air/Noise pollution,Singasandra
Others,Others,Gurappanapalya
Electrical,Earthing Issue relate to Electric Poles/Panel Boards,Newthippasandra
Road Maintenance(Engg),Debris Removal / Construction Material,Nagavara
Storm  Water Drain(SWD),Garbage thrown in storm water drain,Ramamurthy Nagar
Forest,Removal of dead/fallen trees,Mahalakshmipuram
Forest,Removal of dead/fallen trees,Hosahalli
Road Maintenance(Engg),footpath encroachment,Sudduguntepalya
Markets,Encroachment,Vasanthapura
Road Maintenance(Engg),Road cutting,Benniganahalli
Electrical,Requirement For New Street Lights,Kadugodi
Road Infrastructure,Road Infrastructure,Jeevanbhima Nagar
veterinary,Stray cattle related complaints,Banashankari Temple Ward
Solid Waste (Garbage) Related,Complaint against SW collector/ SWM official for violation of SWM Rules,Lingarajapuram
Solid Waste (Garbage) Related,Burning of Garbage in Open Space,Cottonpet
Forest,Removal of dead/fallen trees,Kaveripura
Parks and Play grounds,Gym/Children Play equipment in the parks,Kengeri
Forest,Removal of dead/fallen trees,Kavalbyrasandra
Solid Waste (Garbage) Related,Garbage vehicle not arrived,Kacharakanahalli
Road Maintenance(Engg),Potholes,Gayathri Nagar
Forest,Removal of dead/fallen trees,Govindraja Nagara
veterinary,Fatally injured - Needs immediate attention,Neelasandra
Forest,obstructions Branches / Trees.,Banashankari Temple Ward
Forest,Removal of dead/fallen trees,Jayamahal
Others,Others,Newthippasandra
Forest,Removal of dead/fallen trees,Manorayanapalya
Road Maintenance(Engg),Footpath,Horamavu
Forest,Removal of dead/fallen trees,Visvesvarapuram
Road Infrastructure,Road Infrastructure,Dharmarayaswamy Temple Ward
Revenue Department,Others (JC),Herohalli
Solid Waste (Garbage) Related,Garbage transfer not as per norms & area not kept clean,Hemmigepura
Water Crisis,Water related issue,Bagalagunte
Road Infrastructure,Road Infrastructure,Arakere
Others,Others,Binnipet
Forest,obstructions Branches / Trees.,Konena Agrahara
veterinary,Animal Rescue - Not well - Requires attention,Ramamurthy Nagar
Road Maintenance(Engg),Road side drains,Moodalapalya
veterinary,Animal Rescue - Not well - Requires attention,Kaveripura
Solid Waste (Garbage) Related,Garbage dump,Sudduguntepalya
Others,Others,Begur
Forest,obstructions Branches / Trees.,Sampangiram Nagar
Road Maintenance(Engg),Road side drains,Kodigehalli
veterinary,Stray/Rabid dog bite,Shanthi Nagar
Forest,obstructions Branches / Trees.,Byatarayanapura
Forest,Removal of dead/fallen trees,Sagayapuram
Electrical,Open Electrical Junction Box,Shettyhalli
veterinary,Animal birth control/neutering of stray dogs,Shivaji Nagar
Solid Waste (Garbage) Related,Garbage nuisance while transporting,Ganga Nagar
Storm  Water Drain(SWD),Sewerage water left in SWD,Begur
veterinary,Fatally injured - Needs immediate attention,Devasandra
Road Maintenance(Engg),Footpath,Subramanya Nagar
veterinary,Fatally injured - Needs immediate attention,Jayanagar East
Electrical,Street Lights Switched On During Day Time,Ramaswamy Palya
Solid Waste (Garbage) Related,Complaint against SW collector/ SWM official for violation of SWM Rules,Gottigere
Road Maintenance(Engg),Road cutting,Varthur
Parks and Play grounds,Issues Related to Parks/Medians/Circles/Island.,Padmanabha Nagar
Forest,Removal of dead/fallen trees,Horamavu
Road Infrastructure,Road Infrastructure,Agrahara Dasarahalli
Electrical,Street Lights Switched On During Day Time,Vijay Nagar
Solid Waste (Garbage) Related,Sweeping not done,Maruthi Seva Nagar
veterinary,Dog bite pet dog,Marathalli
Solid Waste (Garbage) Related,Garbage dump,Agaram
Solid Waste (Garbage) Related,Dead animal(s),Jayamahal
Health Dept,Fogging,Shanthi Nagar
19,Guddadahalli,Karnataka 560026
veterinary,Animal Rescue - Not well - Requires attention,Sunkenahalli
veterinary,Stray/Rabid dog bite,Madiwala
Parks and Play grounds,Gym/Children Play equipment in the parks,Giri Nagar
veterinary,Animal Rescue - Not well - Requires attention,Konena Agrahara
Storm  Water Drain(SWD),Garbage thrown in storm water drain,Doddanekkundi
Health Dept,Air/Noise pollution,Yelahanka old Satellite Town
Solid Waste (Garbage) Related,Garbage dumping in vacant sites,HSR Layout
Solid Waste (Garbage) Related,Sweeping not done,Aramane Nagar
Road Maintenance(Engg),Road cutting,Anjanapur
veterinary,Animal Rescue - Not well - Requires attention,Vrushabhavati Nagar
veterinary,Fatally injured - Needs immediate attention,Hagadooru
veterinary,Animal Rescue - Not well - Requires attention,Kadugondanahalli
Road Infrastructure,Road Infrastructure,J.P.Nagar
Solid Waste (Garbage) Related,Garbage vehicle not arrived,Newthippasandra
Solid Waste (Garbage) Related,Garbage vehicle not arrived,Chowdeshwari Ward
Solid Waste (Garbage) Related,Garbage nuisance while transporting,Pattabhiram Nagar
Road Maintenance(Engg),Road side drains,Jogupalya
Electrical,Earthing Issue relate to Electric Poles/Panel Boards,Shankaramata
Health Dept,Spraying,Pattabhiram Nagar
Road Maintenance(Engg),Debris Removal / Construction Material,BTM Layout
Storm  Water Drain(SWD),Sewerage water left in SWD,Bellandur
Road Maintenance(Engg),footpath encroachment,Shivaji Nagar
Advertisement,Flex and banners,Lakshmidevi Nagar
veterinary,Animal Cruelty/Ill-Treated / Abused,Hanumantha Nagar
Town Planning,UnAuthorised Building Constructions,C.V.Raman Nagar
Health Dept,Increase in mosquito density,Yelachenahalli
Storm  Water Drain(SWD),Garbage thrown in storm water drain,Singasandra
Road Infrastructure,Road Infrastructure,Lakkasandra
veterinary,Awareness session / Request for a session,Madiwala
Town Planning,UnAuthorised Building Constructions,Hemmigepura
veterinary,Aged street dogs please take action,Vidyaranyapura
Road Maintenance(Engg),Potholes,Kadugodi
Parks and Play grounds,Issues Related to Parks/Medians/Circles/Island.,Pattabhiram Nagar
Road Maintenance(Engg),Debris Removal / Construction Material,Uttarahalli
Road Maintenance(Engg),water stagnation,Varthur
Storm  Water Drain(SWD),Maintenance of SWD,Newthippasandra
veterinary,Stray/Rabid dog bite,Jnanabharathi Ward
veterinary,Stray dog related complaints,Adugodi
veterinary,Fatally injured - Needs immediate attention,Jayamahal
Electrical,Street Lights Switched On During Day Time,Laggere
veterinary,Anti Rabies Vaccination of stray dogs,Shettyhalli
Solid Waste (Garbage) Related,Garbage vehicle not arrived,Chikkalasandra
veterinary,Animal birth control/neutering of stray dogs,Konanakunte
Solid Waste (Garbage) Related,Sweeping not done,Doddanekkundi
Road Maintenance(Engg),Road cutting,Uttarahalli
Road Maintenance(Engg),Debris Removal / Construction Material,Rajamahal
Lakes,Lake not maintained properly,Arakere
Road Maintenance(Engg),UnAuthorised Constructions,A.Narayanapura
Road Maintenance(Engg),Footpath,J.P.Nagar
Road Maintenance(Engg),Footpath,Begur
Parks and Play grounds,Gym/Children Play equipment in the parks,Rajarajeshwari Nagar
Road Maintenance(Engg),UnAuthorised Constructions,Garudacharpalya
veterinary,Mutton/Chicken/fish stall Unhygienic maintenance,Horamavu
Forest,Removal of dead/fallen trees,Doddabommasandra
Road Maintenance(Engg),Road cutting,Hoodi
Indira Canteen,Cleanliness of Canteen /Food Area,Hebbal
Forest,Removal of dead/fallen trees,Bommanahalli
veterinary,Animal Cruelty/Ill-Treated / Abused,Bellandur
Solid Waste (Garbage) Related,Dead animal(s),Chokkasandra
Others,Others,Sarakki
Road Maintenance(Engg),Road side drains,Hoysala Nagar
Solid Waste (Garbage) Related,Public dustbins not cleaned,Kadugodi
veterinary,Animal birth control/neutering of stray dogs,Arakere
Town Planning,Construction not done as per approved plan (Building Bye Law Violations),Thanisandra
Solid Waste (Garbage) Related,Complaint against SW collector/ SWM official for violation of SWM Rules,Shettyhalli
Indira Canteen,Food Quantity,Uttarahalli
veterinary,Anti Rabies Vaccination of stray dogs,Ramamurthy Nagar
veterinary,Stray dog related complaints,Nandini Layout
Solid Waste (Garbage) Related,Dead animal(s),Rajarajeshwari Nagar
Lakes,Lake fencing damaged,Jakkur
Solid Waste (Garbage) Related,Garbage transfer not as per norms & area not kept clean,Bapuji Nagar
Solid Waste (Garbage) Related,Burning of Garbage in Open Space,Bapuji Nagar
Road Infrastructure,Road Infrastructure,Visvesvarapuram
veterinary,Animal Rescue - Not well - Requires attention,Mathikere
Solid Waste (Garbage) Related,Garbage dumping in vacant sites,Bapuji Nagar
Health Dept,Indira Canteen,H.M.T
veterinary,Fatally injured - Needs immediate attention,Ramamurthy Nagar
Solid Waste (Garbage) Related,Public dustbins not cleaned,Bapuji Nagar
Road Maintenance(Engg),UnAuthorised Constructions,Dharmarayaswamy Temple Ward
veterinary,Stray dog related complaints,Ullalu
Electrical,Street Lights Switched On During Day Time,Benniganahalli
veterinary,Animal birth control/neutering of stray dogs,Domlur
Forest,Removal of dead/fallen trees,Hampi Nagar
Road Infrastructure,Road Infrastructure,Basavanagudi
Road Maintenance(Engg),Potholes,Kempegowda Ward
Sanitation,Urination in Public/Open Defecation,Thanisandra
Advertisement,Flex and banners,Ganga Nagar
Lakes,Lake not maintained properly,Herohalli
Lakes,Sewage inflow to lake,Herohalli
Solid Waste (Garbage) Related,Garbage vehicle not arrived,Sanjay Nagar
veterinary,Animal Cruelty/Ill-Treated / Abused,Sarakki
veterinary,Animal birth control/neutering of stray dogs,Gottigere
Markets,Violation of rules by Shop rent / Leaser,Ejipura
Road Maintenance(Engg),footpath encroachment,Muneshwara Nagar
Health Dept,Air/Noise pollution,K.R.Puram
Health Dept,Air/Noise pollution,Kodigehalli
Road Maintenance(Engg),Road cutting,Hemmigepura
Others,Others,K.R.Puram
Estate,BBMP  Properties Lease issues,Hanumantha Nagar
Electrical,Requirement For New Street Lights,Jakkur
Road Maintenance(Engg),Potholes,Jaraganahalli
Forest,obstructions Branches / Trees.,K.R.Puram
Road Maintenance(Engg),Potholes,Gurappanapalya
Advertisement,Flex and banners,Subedarapalya
Road Maintenance(Engg),UnAuthorised Constructions,Kadugodi
Road Maintenance(Engg),Potholes,Jayanagar East
Road Maintenance(Engg),Road cutting,Peenya Industrial Area
veterinary,Stray dog related complaints,Kengeri
Town Planning,Noise during Building Construction,Vidyaranyapura
Solid Waste (Garbage) Related,Garbage vehicle not arrived,Visvesvarapuram
Road Infrastructure,Road Infrastructure,Puttenahalli
Solid Waste (Garbage) Related,Sweeping not done,C.V.Raman Nagar
veterinary,Stray dog related complaints,Devasandra
Road Maintenance(Engg),Road side drains,Devasandra
Forest,Removal of dead/fallen trees,C.V.Raman Nagar
Electrical,Requirement For New Street Lights,Rajaji Nagar
Solid Waste (Garbage) Related,Garbage dumping in vacant sites,Hemmigepura
Electrical,Park Lights Not Working,Ulsoor
Advertisement,Flex and banners,Aramane Nagar
Road Maintenance(Engg),water stagnation,Gandhi Nagar
Road Maintenance(Engg),Debris Removal / Construction Material,Domlur
veterinary,Anti Rabies Vaccination of stray dogs,Hemmigepura
veterinary,Stray dog related complaints,Hemmigepura
Health Dept,Unhygienic premises in Hotel etc,Bellandur
Road Maintenance(Engg),Footpath,Bellandur
Road Maintenance(Engg),Debris Removal / Construction Material,Bellandur
Electrical,Street Light Not Working,Dharmarayaswamy Temple Ward
Solid Waste (Garbage) Related,Garbage dumping in vacant sites,Jakkur
Solid Waste (Garbage) Related,Garbage dumping in vacant sites,HBR Layout
Solid Waste (Garbage) Related,Garbage dumping in vacant sites,Jaraganahalli
Solid Waste (Garbage) Related,Garbage dumping in vacant sites,Jalahalli
Road Infrastructure,Road Infrastructure,Giri Nagar
Solid Waste (Garbage) Related,Garbage dumping in vacant sites,Uttarahalli
veterinary,Anti Rabies Vaccination of stray dogs,Maruthi Seva Nagar
Storm  Water Drain(SWD),Sewerage water left in SWD,Uttarahalli
Health Dept,Unavailability of staff,Jeevanbhima Nagar
E khata / Khata services,Ekhata - name correction,Bapuji Nagar
Forest,obstructions Branches / Trees.,Hanumantha Nagar
Lakes,Dumping of garbage into lake,Uttarahalli
Solid Waste (Garbage) Related,Garbage dumping in vacant sites,J.P.Park
Road Infrastructure,Road Infrastructure,Rajamahal
Others,Others,Chokkasandra
Road Maintenance(Engg),footpath encroachment,Dr.Rajkumar Ward
E khata / Khata services,Ekhata Other corrections,Begur
Solid Waste (Garbage) Related,Garbage dumping in vacant sites,Vidyaranyapura
Parks and Play grounds,Gym/Children Play equipment in the parks,Vignana Nagar
Others,Others,Rajarajeshwari Nagar
Storm  Water Drain(SWD),Maintenance of SWD,Visvesvarapuram
E khata / Khata services,ekhata approval pending with ARO,Kushal Nagar
veterinary,Stray/Rabid dog bite,Hoysala Nagar
Road Maintenance(Engg),Potholes,Vidyapeetha
Solid Waste (Garbage) Related,Garbage dumping in vacant sites,Laggere
E khata / Khata services,Ekhata - name correction,Herohalli
Solid Waste (Garbage) Related,Garbage dumping in vacant sites,Yadiyuru
veterinary,Stray dog related complaints,Vrushabhavati Nagar
Water Crisis,Water related issue,Jakkur
Road Maintenance(Engg),Road side drains,HBR Layout
Parks and Play grounds,Issues Related to Parks/Medians/Circles/Island.,Hemmigepura
Road Maintenance(Engg),Road side drains,Cottonpet
veterinary,Stray dog related complaints,Shettyhalli
E khata / Khata services,Ekhata Area Correction,Begur
Revenue Department,Khata Services (Registration, Transfer, Bifurcation and Amalgamation),Jakkur
Parks and Play grounds,Play Grounds,Hoysala Nagar
Revenue Department,Khata Services (Registration, Transfer, Bifurcation and Amalgamation),Moodalapalya
Road Maintenance(Engg),Footpath,Vasanthapura
Revenue Department,Khata Services (Registration, Transfer, Bifurcation and Amalgamation),Benniganahalli
Solid Waste (Garbage) Related,Garbage vehicle not arrived,Yadiyuru
Traffic Engineer Cell (TEC),TEC,Vijay Nagar
Plastic,Use of banned single use plastic,Dodda Bidarkallu
Solid Waste (Garbage) Related,Garbage dump,Mallasandra
Road Maintenance(Engg),UnAuthorised Constructions,Hagadooru
,Basavaraja TakkalakI/AE,,
veterinary,Stray/Rabid dog bite,Doddanekkundi
Health Dept,Air/Noise pollution,Hegganahalli
Road Maintenance(Engg),Road side drains,Rayapuram
Town Planning,UnAuthorised Building Constructions,Sanjay Nagar
Road Maintenance(Engg),Road cutting,Jagajeevanram Nagar
Others,Others,Puttenahalli
Road Maintenance(Engg),Potholes,Nagavara
Others,Others,Banashankari Temple Ward
Road Maintenance(Engg),Road side drains,Hampi Nagar
E khata / Khata services,Ekhata missing in online,Malleshwaram
Road Maintenance(Engg),Road cutting,Puttenahalli
Electrical,Street Lights Switched On During Day Time,Vijanapura
Electrical,Open Electrical Junction Box,Vidyaranyapura
veterinary,Animal Rescue - Not well - Requires attention,J.P.Nagar
veterinary,Stray/Rabid dog bite,Hebbal
Parks and Play grounds,Gym/Children Play equipment in the parks,Kottigepalya
veterinary,Mutton/Chicken/fish stall Unhygienic maintenance,Begur
Optical Fiber Cables (OFC),Without permission digging of road,J.P.Park
Road Maintenance(Engg),footpath encroachment,HSR Layout
Health Dept,Unhygienic premises in Hotel etc,Banaswadi
Solid Waste (Garbage) Related,Garbage vehicle not arrived,Marenahalli
veterinary,Animal birth control/neutering of stray dogs,Hoodi
Solid Waste (Garbage) Related,Sweeping not done,Singasandra
veterinary,Animal Rescue - Not well - Requires attention,Manorayanapalya
E khata / Khata services,new Khata / Ekhata registration / creation,Anjanapur
E khata / Khata services,Technical Issue In Ekhata,Jnanabharathi Ward
Solid Waste (Garbage) Related,Garbage vehicle not arrived,Sunkenahalli
Forest,obstructions Branches / Trees.,Jayachamarajendra Nagar
Health Dept,Increase in mosquito density,Chokkasandra
Solid Waste (Garbage) Related,Garbage dumping in vacant sites,Jeevanbhima Nagar
Solid Waste (Garbage) Related,Garbage vehicle not arrived,Sarakki
Solid Waste (Garbage) Related,Garbage vehicle not arrived,Gali Anjaneya Swamy Temple Ward
Road Maintenance(Engg),Road side drains,Sunkenahalli
Parks and Play grounds,Issues Related to Parks/Medians/Circles/Island.,HAL Airport
Solid Waste (Garbage) Related,Burning of Garbage in Open Space,Dodda Bidarkallu
Road Maintenance(Engg),Footpath,Jeevanbhima Nagar
Road Maintenance(Engg),Debris Removal / Construction Material,Vasanthapura
Solid Waste (Garbage) Related,Sweeping not done,Shankaramata
Road Infrastructure,Road Infrastructure,Vasanthapura
Solid Waste (Garbage) Related,Segregation of waste is not done,Shanthala Nagar
Call Center,Call center Issues,Shanthala Nagar
Health Dept,Increase in mosquito density,Shanthala Nagar
Parks and Play grounds,Issues Related to Parks/Medians/Circles/Island.,BTM Layout
Estate,Violation of rules by property Leasers,Giri Nagar
Road Maintenance(Engg),Debris Removal / Construction Material,Doddanekkundi
Solid Waste (Garbage) Related,Sweeping not done,Visvesvarapuram
Storm  Water Drain(SWD),Maintenance of SWD,Horamavu
Road Maintenance(Engg),Road cutting,Ramamurthy Nagar
veterinary,Animal birth control/neutering of stray dogs,Ullalu
E khata / Khata services,Ekhata - name correction,Vignana Nagar
Solid Waste (Garbage) Related,Garbage vehicle not arrived,Lingarajapuram
Parks and Play grounds,Issues Related to Parks/Medians/Circles/Island.,J.P.Park
E khata / Khata services,Ekhata missing in online,K.R.Puram
Solid Waste (Garbage) Related,Sweeping not done,Hampi Nagar
Solid Waste (Garbage) Related,Dead animal(s),Doddabommasandra
Solid Waste (Garbage) Related,Garbage vehicle not arrived,Prakash Nagar
Road Maintenance(Engg),Potholes,Hegganahalli
veterinary,Stray dog related complaints,Karisandra
Parks and Play grounds,Issues Related to Parks/Medians/Circles/Island.,Uttarahalli
Parks and Play grounds,Issues Related to Parks/Medians/Circles/Island.,Newthippasandra
Forest,obstructions Branches / Trees.,Madiwala
Road Maintenance(Engg),Road cutting,Hoysala Nagar
Road Maintenance(Engg),Debris Removal / Construction Material,J.P.Nagar
Solid Waste (Garbage) Related,Sweeping not done,Hagadooru
Others,Others,Gottigere
Town Planning,Noise during Building Construction,Rajarajeshwari Nagar
Road Infrastructure,Road Infrastructure,H.M.T
veterinary,Animal Rescue - Not well - Requires attention,Nagavara
Town Planning,UnAuthorised Building Constructions,Agaram
Electrical,Street Lights Switched On During Day Time,Thanisandra
Solid Waste (Garbage) Related,Garbage nuisance while transporting,Thanisandra
Electrical,Street Lights Switched On During Day Time,Lingarajapuram
veterinary,Stray dog related complaints,Dr.Rajkumar Ward
Solid Waste (Garbage) Related,Garbage vehicle not arrived,Sampangiram Nagar
Solid Waste (Garbage) Related,Dead animal(s),C.V.Raman Nagar
Solid Waste (Garbage) Related,Garbage transfer not as per norms & area not kept clean,K.R.Market
Sanitation,Urination in Public/Open Defecation,Laggere
Road Maintenance(Engg),Debris Removal / Construction Material,Singasandra
Solid Waste (Garbage) Related,Segregation of waste is not done,Doddanekkundi
Parks and Play grounds,Issues Related to Parks/Medians/Circles/Island.,Vignana Nagar
Solid Waste (Garbage) Related,Garbage vehicle not arrived,Marathalli
Forest,obstructions Branches / Trees.,Aramane Nagar
veterinary,Stray dog related complaints,Hebbal
Sanitation,Urination in Public/Open Defecation,Katriguppe
Solid Waste (Garbage) Related,Burning of Garbage in Open Space,Banaswadi
Solid Waste (Garbage) Related,Sweeping not done,Jalahalli
Solid Waste (Garbage) Related,Garbage vehicle not arrived,Hosakerehalli
Others,Others,Vijay Nagar
veterinary,Animal birth control/neutering of stray dogs,Begur
Solid Waste (Garbage) Related,Garbage vehicle not arrived,Vijay Nagar
Solid Waste (Garbage) Related,Burning of Garbage in Open Space,Vijay Nagar
Solid Waste (Garbage) Related,Dead animal(s),Visvesvarapuram
Solid Waste (Garbage) Related,Complaint against SW collector/ SWM official for violation of SWM Rules,Garudacharpalya
Parks and Play grounds,Issues Related to Parks/Medians/Circles/Island.,Ganga Nagar
Road Infrastructure,Road Infrastructure,Koramangala
veterinary,Stray/Rabid dog bite,Vishwanathnagenahalli
street dogs cannot be relocated. Relocation of street dogs is a punishable offence.,Chandrika B R/VI,,
Solid Waste (Garbage) Related,Dead animal(s),HSR Layout
Road Maintenance(Engg),Road side drains,Manorayanapalya
Solid Waste (Garbage) Related,Burning of Garbage in Open Space,Hemmigepura
Indira Canteen,Food Quantity,Pattabhiram Nagar
veterinary,Animal Rescue - Not well - Requires attention,Mahalakshmipuram
Road Maintenance(Engg),Footpath,Shanthi Nagar
Electrical,Street Lights Switched On During Day Time,Bellandur
Solid Waste (Garbage) Related,Garbage transfer not as per norms & area not kept clean,Shankaramata
Road Infrastructure,Road Infrastructure,Chowdeshwari Ward
Solid Waste (Garbage) Related,Sweeping not done,Byrasandra
veterinary,Stray dog related complaints,Maruthi Mandira Ward
Solid Waste (Garbage) Related,Dead animal(s),Byatarayanapura
Road Maintenance(Engg),Footpath,Gandhi Nagar
Parks and Play grounds,Gym/Children Play equipment in the parks,Basavanapura
Road Maintenance(Engg),Debris Removal / Construction Material,Mangammanapalya
Road Maintenance(Engg),Road cutting,Banaswadi
Solid Waste (Garbage) Related,Garbage vehicle not arrived,Kadugodi
Solid Waste (Garbage) Related,Public dustbins not cleaned,Gandhi Nagar
Road Infrastructure,Road Infrastructure,Someshwara
Forest,Removal of dead/fallen trees,Bagalagunte
Solid Waste (Garbage) Related,Public dustbins not cleaned,Yadiyuru
Solid Waste (Garbage) Related,Garbage dump,Shankaramata
Solid Waste (Garbage) Related,Garbage transfer not as per norms & area not kept clean,Bellandur
Road Maintenance(Engg),water leakage on road,Madiwala
Road Maintenance(Engg),Footpath,Jayanagar East
veterinary,Anti Rabies Vaccination of stray dogs,Hagadooru
Solid Waste (Garbage) Related,Public dustbins not cleaned,Varthur
veterinary,Stray cattle related complaints,Basavanapura
Health Dept,Increase in mosquito density,Hoodi
Electrical,Requirement For New Street Lights,Banaswadi
Others,Others,Chowdeshwari Ward
Solid Waste (Garbage) Related,Sweeping not done,Kottigepalya
veterinary,Stray/Rabid dog bite,Jakkasandra
Revenue Department,Khata Services (Registration, Transfer, Bifurcation and Amalgamation),Sunkenahalli
Electrical,Requirement For New Street Lights,Vijay Nagar
Electrical,Requirement For New Street Lights,Anjanapur
veterinary,Stray dog related complaints,A.Narayanapura
Parks and Play grounds,Issues Related to Parks/Medians/Circles/Island.,Mathikere
Solid Waste (Garbage) Related,Garbage dumping in vacant sites,Anjanapur
veterinary,Animal Rescue - Not well - Requires attention,Deepanjali Nagar
Road Maintenance(Engg),Potholes,Thanisandra
Road Maintenance(Engg),Debris Removal / Construction Material,Dr.Rajkumar Ward
Solid Waste (Garbage) Related,Garbage nuisance while transporting,Kottigepalya
veterinary,Fatally injured - Needs immediate attention,Basavanagudi
Solid Waste (Garbage) Related,Garbage dump,Adugodi
Solid Waste (Garbage) Related,Garbage dumping in vacant sites,Ullalu
Road Maintenance(Engg),water stagnation,Jayangar
Health Dept,Spraying,Hampi Nagar
Electrical,Earthing Issue relate to Electric Poles/Panel Boards,Jayanagar East
veterinary,Fatally injured - Needs immediate attention,Hoodi
veterinary,Anti Rabies Vaccination of stray dogs,Gayathri Nagar
veterinary,Stray dog related complaints,Kumaraswamy Layout
Road Maintenance(Engg),Footpath,Kottigepalya
Road Infrastructure,Road Infrastructure,Vijanapura
Forest,Removal of dead/fallen trees,Vijanapura
Road Maintenance(Engg),Potholes,Govindraja Nagara
Solid Waste (Garbage) Related,Garbage dump,Kamakshipalya
Solid Waste (Garbage) Related,Garbage dumping in vacant sites,Radhakrishna Temple
Road Infrastructure,Road Infrastructure,Dr.Rajkumar Ward
Solid Waste (Garbage) Related,Garbage dumping in vacant sites,Muneshwara Nagar
veterinary,Fatally injured - Needs immediate attention,Newthippasandra
Solid Waste (Garbage) Related,Garbage dumping in vacant sites,Doddanekkundi
Road Infrastructure,Road Infrastructure,Sudduguntepalya
veterinary,Stray dog related complaints,Aramane Nagar
Solid Waste (Garbage) Related,Garbage dump,Vrushabhavati Nagar
veterinary,Stray dog related complaints,Kammanahalli
Road Maintenance(Engg),water stagnation,K.R.Puram
Road Maintenance(Engg),water stagnation,Vidyaranyapura
Road Infrastructure,Road Infrastructure,Sudam Nagar
Road Maintenance(Engg),Road side drains,Bagalagunte
Road Maintenance(Engg),water stagnation,Ganga Nagar
veterinary,Fatally injured - Needs immediate attention,Peenya Industrial Area
Road Infrastructure,Road Infrastructure,Singasandra
Revenue Department,Discrepancy In Khata Certificate and Khata Extract,Maruthi Seva Nagar
veterinary,Animal Rescue - Not well - Requires attention,C.V.Raman Nagar
Road Maintenance(Engg),water stagnation,Jakkur
Health Dept,Spraying,Bagalagunte
Road Maintenance(Engg),water stagnation,Jakkasandra
Solid Waste (Garbage) Related,Dead animal(s),Newthippasandra
Electrical,Requirement For New Street Lights,Rajamahal
Road Maintenance(Engg),water stagnation,Govindraja Nagara
Forest,Removal of dead/fallen trees,Jayangar
Road Infrastructure,Road Infrastructure,Garudacharpalya
Road Maintenance(Engg),water stagnation,Banaswadi
Road Maintenance(Engg),water stagnation,Arakere
Electrical,Street Light Not Working,HAL Airport
veterinary,Fatally injured - Needs immediate attention,Rajagopala Nagar
Solid Waste (Garbage) Related,Garbage dump,Mathikere
Health Dept,Increase in mosquito density,Varthur
Road Maintenance(Engg),water stagnation,Radhakrishna Temple
Road Infrastructure,Road Infrastructure,T-Dasarahalli
E khata / Khata services,Ekhata missing in online,Begur
Road Maintenance(Engg),Road side drains,Vijay Nagar
Road Maintenance(Engg),Road side drains,Pulikeshi Nagar
veterinary,Stray dog related complaints,Vignana Nagar
Health Dept,Air/Noise pollution,Vrushabhavati Nagar
Health Dept,Increase in mosquito density,Chalavadipalya
Sanitation,Public toilet(s) blockage,Gayathri Nagar
Electrical,Street Lights Switched On During Day Time,Hampi Nagar
Road Maintenance(Engg),Road side drains,Marathalli
Health Dept,Fogging,Ramamurthy Nagar
Electrical,Open Electrical Junction Box,Subedarapalya
E khata / Khata services,Ekhata - name correction,Dodda Bidarkallu
Solid Waste (Garbage) Related,Public dustbins not cleaned,Hongasandra
Road Maintenance(Engg),Potholes,Kumaraswamy Layout
Road Maintenance(Engg),Debris Removal / Construction Material,Sampangiram Nagar
Forest,obstructions Branches / Trees.,Hemmigepura
Road Maintenance(Engg),footpath encroachment,Domlur
Road Maintenance(Engg),footpath encroachment,Dharmarayaswamy Temple Ward
E khata / Khata services,Technical Issue In Ekhata,Singasandra
Road Maintenance(Engg),Road side drains,Ganga Nagar
veterinary,Illegal pet shop / Animal cruelty / license check,Mangammanapalya
E khata / Khata services,ekhata approval pending with ARO,Marenahalli
Health Dept,Air/Noise pollution,Deepanjali Nagar
Revenue Department,Khata Services (Registration, Transfer, Bifurcation and Amalgamation),Hagadooru
veterinary,Animal Cruelty/Ill-Treated / Abused,Dayananda Nagar
Electrical,Requirement For New Street Lights,Chokkasandra
Road Maintenance(Engg),Debris Removal / Construction Material,Laggere
Revenue Department,Khata Services (Registration, Transfer, Bifurcation and Amalgamation),Bellandur
E khata / Khata services,Other Khata / ekhata issues,Rajarajeshwari Nagar
Electrical,Street Light Not Working,Lakshmidevi Nagar
Revenue Department,Khata Services (Registration, Transfer, Bifurcation and Amalgamation),Ulsoor
E khata / Khata services,Technical Issue In Ekhata,Dharmarayaswamy Temple Ward
Road Maintenance(Engg),Road side drains,Sudam Nagar
E khata / Khata services,Other Khata / ekhata issues,Moodalapalya
Electrical,Street Lights Switched On During Day Time,Horamavu
Solid Waste (Garbage) Related,Garbage dumping in vacant sites,Chokkasandra
Solid Waste (Garbage) Related,Garbage vehicle not arrived,Sudam Nagar
Solid Waste (Garbage) Related,Garbage dumping in vacant sites,Giri Nagar
E khata / Khata services,Ekhata Other corrections,Mangammanapalya
Health Dept,Dengue positive,HAL Airport
Health Dept,Dengue positive,Ulsoor
Electrical,Requirement For New Street Lights,Horamavu
Health Dept,Dengue positive,Shakambari Nagar
Road Infrastructure,Road Infrastructure,Sarvagna Nagar
Revenue Department,Khata Services (Registration, Transfer, Bifurcation and Amalgamation),Doddanekkundi
Road Maintenance(Engg),Footpath,Herohalli
Road Maintenance(Engg),Road side drains,Benniganahalli
Storm  Water Drain(SWD),Maintenance of SWD,Sudam Nagar
Revenue Department,Discrepancy In Khata Certificate and Khata Extract,Shakambari Nagar
Health Dept,Dengue positive,Hemmigepura
Solid Waste (Garbage) Related,Garbage dumping in vacant sites,Peenya Industrial Area
Road Maintenance(Engg),Road cutting,Pulikeshi Nagar
Solid Waste (Garbage) Related,Sweeping not done,Muneshwara Nagar
Road Infrastructure,Road Infrastructure,Konanakunte
E khata / Khata services,ekhata approval pending with ARO,HBR Layout
Plastic,Use of banned single use plastic,Dharmarayaswamy Temple Ward
Road Infrastructure,Road Infrastructure,Vasanth Nagar
Road Infrastructure,Road Infrastructure,Domlur
Solid Waste (Garbage) Related,Garbage vehicle not arrived,Konena Agrahara
E khata / Khata services,ekhata approval pending with ARO,Kempegowda Ward
E khata / Khata services,Ekhata Other corrections,Uttarahalli
veterinary,Animal Cruelty/Ill-Treated / Abused,Uttarahalli
Advertisement,Flex and banners,Chikpete
Electrical,Requirement For New Street Lights,Chamrajpet
Town Planning,UnAuthorised Building Constructions,Konanakunte
Storm  Water Drain(SWD),Sewerage water left in SWD,Pulikeshi Nagar
Road Maintenance(Engg),Road side drains,Chowdeshwari Ward
Solid Waste (Garbage) Related,Complaint against SW collector/ SWM official for violation of SWM Rules,Rajarajeshwari Nagar
Plastic,Use of banned single use plastic,Kaveripura
Road Maintenance(Engg),Potholes,HAL Airport
Storm  Water Drain(SWD),Maintenance of SWD,Chokkasandra
Solid Waste (Garbage) Related,Sweeping not done,Mallasandra
Forest,Removal of dead/fallen trees,Jakkasandra
veterinary,Animal Rescue - Not well - Requires attention,Banaswadi
Solid Waste (Garbage) Related,Dead animal(s),Sudam Nagar
E khata / Khata services,Ekhata missing in online,C.V.Raman Nagar
veterinary,Animal birth control/neutering of stray dogs,Vannarpet
Forest,obstructions Branches / Trees.,Chikpete
Solid Waste (Garbage) Related,Sweeping not done,A.Narayanapura
E khata / Khata services,Ekhata missing in online,Konanakunte
Forest,obstructions Branches / Trees.,Begur
Storm  Water Drain(SWD),Sewerage water left in SWD,Shanthi Nagar
E khata / Khata services,Ekhata missing in online,Jnanabharathi Ward
Road Infrastructure,Road Infrastructure,Mangammanapalya
E khata / Khata services,eKhata - name Mismatch,Anjanapur
E khata / Khata services,ekhata approval pending with ARO,Thanisandra
veterinary,Fatally injured - Needs immediate attention,Hegganahalli
Road Maintenance(Engg),Footpath,Shakambari Nagar
veterinary,Stray dog related complaints,Hegganahalli
E khata / Khata services,Technical Issue In Ekhata,Rajagopala Nagar
Solid Waste (Garbage) Related,Garbage transfer not as per norms & area not kept clean,Vignana Nagar
Forest,Removal of dead/fallen trees,Kengeri
Solid Waste (Garbage) Related,Garbage dumping in vacant sites,Banashankari Temple Ward
Road Maintenance(Engg),Footpath,K.R.Market
Forest,obstructions Branches / Trees.,Maruthi Mandira Ward
Advertisement,Flex and banners,BTM Layout
veterinary,Fatally injured - Needs immediate attention,Sarvagna Nagar
Health Dept,Air/Noise pollution,T-Dasarahalli
Solid Waste (Garbage) Related,Dead animal(s),Lingarajapuram
Parks and Play grounds,Issues Related to Parks/Medians/Circles/Island.,Dr.Rajkumar Ward
E khata / Khata services,Ekhata - name correction,Sri Nagar
Solid Waste (Garbage) Related,Burning of Garbage in Open Space,Vasanthapura
veterinary,Stray dog related complaints,Bellandur
Parks and Play grounds,Play Grounds,Attiguppe
Road Maintenance(Engg),Debris Removal / Construction Material,Katriguppe
Road Maintenance(Engg),Debris Removal / Construction Material,Someshwara
Storm  Water Drain(SWD),Garbage thrown in storm water drain,Kodigehalli
Solid Waste (Garbage) Related,Garbage dumping in vacant sites,Hombegowda Nagar
Road Maintenance(Engg),Debris Removal / Construction Material,Hanumantha Nagar
Road Maintenance(Engg),Debris Removal / Construction Material,Horamavu
Road Infrastructure,Road Infrastructure,Jayamahal
Road Maintenance(Engg),footpath encroachment,Jayangar
E khata / Khata services,Khata / Ekhata mutation / transfer,Nagavara
Parks and Play grounds,Gym/Children Play equipment in the parks,Chokkasandra
Road Maintenance(Engg),Footpath,Jogupalya
Solid Waste (Garbage) Related,Garbage dumping in vacant sites,Rajagopala Nagar
Forest,obstructions Branches / Trees.,Ramamurthy Nagar
E khata / Khata services,Ekhata missing in online,Someshwara
Property Tax services,unable to generate property tax challan,Hemmigepura
Parks and Play grounds,Issues Related to Parks/Medians/Circles/Island.,Herohalli
E khata / Khata services,Other Khata / ekhata issues,Jayamahal
Forest,Removal of dead/fallen trees,Vasanth Nagar
Solid Waste (Garbage) Related,Garbage dump,Gali Anjaneya Swamy Temple Ward
Solid Waste (Garbage) Related,Garbage dump,Gayathri Nagar
Road Maintenance(Engg),Footpath,Pulikeshi Nagar
Road Maintenance(Engg),UnAuthorised Constructions,Ramamurthy Nagar
Storm  Water Drain(SWD),Maintenance of SWD,Dodda Bidarkallu
Solid Waste (Garbage) Related,Garbage nuisance while transporting,Jayangar
Solid Waste (Garbage) Related,Sweeping not done,Kacharakanahalli
E khata / Khata services,Ekhata Other corrections,Vidyaranyapura
E khata / Khata services,Technical Issue In Ekhata,Nagapura
Forest,obstructions Branches / Trees.,HSR Layout
Road Maintenance(Engg),footpath encroachment,Dayananda Nagar
Forest,Removal of dead/fallen trees,Lingarajapuram
Revenue Department,Unable to generate the property tax challan,Puttenahalli
Road Maintenance(Engg),Debris Removal / Construction Material,Banaswadi
E khata / Khata services,Ekhata Area Correction,Horamavu
Solid Waste (Garbage) Related,Garbage dumping in vacant sites,Lingarajapuram
Road Maintenance(Engg),Potholes,Sri Nagar
Road Maintenance(Engg),Road side drains,Vannarpet
Forest,Removal of dead/fallen trees,Hoodi
veterinary,Fatally injured - Needs immediate attention,Ejipura
Solid Waste (Garbage) Related,Sweeping not done,Sudam Nagar
Road Maintenance(Engg),Road cutting,HBR Layout
veterinary,Animal Rescue - Not well - Requires attention,Ullalu
E khata / Khata services,Ekhata missing in online,Dodda Bidarkallu
Electrical,Earthing Issue relate to Electric Poles/Panel Boards,Banashankari Temple Ward
Road Infrastructure,Road Infrastructure,Govindraja Nagara
veterinary,Stray/Rabid dog bite,Arakere
Forest,Removal of dead/fallen trees,Sri Nagar
E khata / Khata services,Ekhata - name correction,Hoodi
E khata / Khata services,Technical Issue In Ekhata,Rajarajeshwari Nagar
Town Planning,Noise during Building Construction,Basavanagudi
veterinary,Animal Rescue - Not well - Requires attention,K.R.Puram
Solid Waste (Garbage) Related,Garbage vehicle not arrived,Nagapura
Forest,Removal of dead/fallen trees,Puttenahalli
Solid Waste (Garbage) Related,Complaint against SW collector/ SWM official for violation of SWM Rules,HBR Layout
E khata / Khata services,ekhata approval pending with ARO,Kodigehalli
Solid Waste (Garbage) Related,Sweeping not done,Jeevanbhima Nagar
Solid Waste (Garbage) Related,Dead animal(s),Basavanagudi
Solid Waste (Garbage) Related,Dead animal(s),Kengeri
Road Maintenance(Engg),Potholes,Byatarayanapura
Sanitation,Public toilet(s) blockage,Horamavu
veterinary,Animal Rescue - Not well - Requires attention,Jayachamarajendra Nagar
Solid Waste (Garbage) Related,Garbage vehicle not arrived,S.K.Garden
veterinary,Fatally injured - Needs immediate attention,Rajarajeshwari Nagar
Road Maintenance(Engg),Debris Removal / Construction Material,Dodda Bidarkallu
Parks and Play grounds,Issues Related to Parks/Medians/Circles/Island.,Anjanapur
Town Planning,UnAuthorised Building Constructions,Madiwala
Town Planning,Construction not done as per approved plan (Building Bye Law Violations),C.V.Raman Nagar
Electrical,Earthing Issue relate to Electric Poles/Panel Boards,J.P.Nagar
Solid Waste (Garbage) Related,Sweeping not done,Chamrajpet
Solid Waste (Garbage) Related,Sweeping not done,Maruthi Mandira Ward
Forest,obstructions Branches / Trees.,Thanisandra
Solid Waste (Garbage) Related,Complaint against SW collector/ SWM official for violation of SWM Rules,Vishwanathnagenahalli
veterinary,Stray cattle related complaints,Ganeshmandira Ward
Call Center,Call center Issues,Ullalu
Electrical,Street Lights Switched On During Day Time,Ganga Nagar
veterinary,Stray dog related complaints,Herohalli
Parks and Play grounds,Issues Related to Parks/Medians/Circles/Island.,Ullalu
Forest,Removal of dead/fallen trees,Shakambari Nagar
Solid Waste (Garbage) Related,Sweeping not done,Shakambari Nagar
Road Maintenance(Engg),Debris Removal / Construction Material,Kodigehalli
Indira Canteen,Food Quantity,Kamakshipalya
Solid Waste (Garbage) Related,Complaint against SW collector/ SWM official for violation of SWM Rules,Kavalbyrasandra
Road Infrastructure,Road Infrastructure,Ullalu
Solid Waste (Garbage) Related,Sweeping not done,Vasanthapura
Solid Waste (Garbage) Related,Garbage vehicle not arrived,Subedarapalya
Road Maintenance(Engg),Road side drains,Hoodi
Road Maintenance(Engg),Road cutting,Dodda Bidarkallu
Solid Waste (Garbage) Related,Garbage vehicle not arrived,Vijanapura
Road Infrastructure,Road Infrastructure,Maruthi Mandira Ward
Others,Others,Someshwara
Road Infrastructure,Road Infrastructure,Kumaraswamy Layout
Parks and Play grounds,Environmental protection,Ullalu
Health Dept,Increase in mosquito density,Garudacharpalya
Road Maintenance(Engg),Road cutting,Shanthi Nagar
Solid Waste (Garbage) Related,Sweeping not done,Gurappanapalya
Solid Waste (Garbage) Related,Sweeping not done,Garudacharpalya
Road Maintenance(Engg),water stagnation,Neelasandra
Solid Waste (Garbage) Related,Complaint against SW collector/ SWM official for violation of SWM Rules,Marathalli
Forest,Issues related Snakes/Birds/Monkeys,Arakere
veterinary,Mutton/Chicken/fish stall Unhygienic maintenance,Mathikere
veterinary,Fatally injured - Needs immediate attention,Hampi Nagar
Solid Waste (Garbage) Related,Sweeping not done,Jakkasandra
Solid Waste (Garbage) Related,Dead animal(s),Kottigepalya
Road Maintenance(Engg),UnAuthorised Constructions,Doddanekkundi
Road Maintenance(Engg),water stagnation,Hagadooru
Solid Waste (Garbage) Related,Garbage dumping in vacant sites,Bharathi Nagar
Solid Waste (Garbage) Related,Burning of Garbage in Open Space,Bharathi Nagar
Revenue Department,Unable to generate the property tax challan,Gottigere
Health Dept,Increase in mosquito density,HBR Layout
Health Dept,Increase in mosquito density,Laggere
veterinary,Animal Cruelty/Relocated,Jakkur
Solid Waste (Garbage) Related,Dead animal(s),Jakkur
veterinary,Animal Rescue - Not well - Requires attention,Jayamahal
Road Maintenance(Engg),Road side drains,Kottigepalya
veterinary,Animal Rescue - Not well - Requires attention,Banashankari Temple Ward
Electrical,Earthing Issue relate to Electric Poles/Panel Boards,Thanisandra
Road Maintenance(Engg),footpath encroachment,Basaveshwara Nagar
Road Maintenance(Engg),Potholes,Jalahalli
veterinary,Animal Rescue - Not well - Requires attention,Chokkasandra
Health Dept,Spraying,Shakthiganapathi Nagar
Health Dept,Fogging,Bellandur
Others,Others,Konanakunte
Road Maintenance(Engg),Debris Removal / Construction Material,Devasandra
Road Maintenance(Engg),Road cutting,Gurappanapalya
Road Maintenance(Engg),water stagnation,Ramamurthy Nagar
Revenue Department,Khata Services (Registration, Transfer, Bifurcation and Amalgamation),Mangammanapalya
Electrical,Park Lights Not Working,Ramamurthy Nagar
Town Planning,UnAuthorised Building Constructions,Nagavara
Road Maintenance(Engg),Road side drains,Chikpete
Others,Others,Jeevanbhima Nagar
Health Dept,Spraying,Ramamurthy Nagar
Storm  Water Drain(SWD),Sewerage water left in SWD,Padmanabha Nagar
Road Maintenance(Engg),Debris Removal / Construction Material,Kottigepalya
veterinary,Dog, cat Poor conditions / Breeding license validation,HBR Layout
veterinary,Animal birth control/neutering of stray dogs,Marenahalli
veterinary,Dog, cat Poor conditions / Breeding license validation,H.M.T
Others,Others,Chikkalasandra
Road Maintenance(Engg),footpath encroachment,Bellandur
Town Planning,UnAuthorised Building Constructions,Sarakki
Solid Waste (Garbage) Related,Sweeping not done,Hemmigepura
Solid Waste (Garbage) Related,Garbage dump,Okalipuram
Road Maintenance(Engg),footpath encroachment,Horamavu
Road Maintenance(Engg),water stagnation,Mangammanapalya
Solid Waste (Garbage) Related,Complaint against SW collector/ SWM official for violation of SWM Rules,H.M.T
Electrical,Earthing Issue relate to Electric Poles/Panel Boards,Chamrajpet
veterinary,Fatally injured - Needs immediate attention,Horamavu
Health Dept,Air/Noise pollution,Katriguppe
veterinary,Stray dog related complaints,Agaram
Health Dept,Increase in mosquito density,Moodalapalya
Solid Waste (Garbage) Related,Sweeping not done,Jagajeevanram Nagar
Forest,Removal of dead/fallen trees,Shankaramata
veterinary,Animal Rescue - Not well - Requires attention,Peenya Industrial Area
Solid Waste (Garbage) Related,Dead animal(s),Kammanahalli
E khata / Khata services,ekhata approval pending with ARO,Basaveshwara Nagar
Solid Waste (Garbage) Related,Dead animal(s),BTM Layout
veterinary,Fatally injured - Needs immediate attention,Hebbal
E khata / Khata services,Other Khata / ekhata issues,Kengeri
after noon 3 o clock meet with the concern  Case workers,and create your katha page,Ramesh Rathod/ARO,
Road Maintenance(Engg),water stagnation,Hongasandra
Road Maintenance(Engg),Debris Removal / Construction Material,Govindraja Nagara
E khata / Khata services,Ekhata in previous owner name,Pattabhiram Nagar
Road Maintenance(Engg),UnAuthorised Constructions,Kacharakanahalli
Solid Waste (Garbage) Related,Sweeping not done,Vidyaranyapura
E khata / Khata services,Technical Issue In Ekhata,Chokkasandra
Road Maintenance(Engg),Road cutting,Begur
Markets,Garbage In Market Premises,Sampangiram Nagar
Solid Waste (Garbage) Related,Sweeping not done,Hosahalli
Storm  Water Drain(SWD),Sewerage water left in SWD,Shanthala Nagar
Health Dept,Dengue positive,Vannarpet
Parks and Play grounds,Issues Related to Parks/Medians/Circles/Island.,Shanthala Nagar
Road Maintenance(Engg),footpath encroachment,Rajaji Nagar
Solid Waste (Garbage) Related,Sweeping not done,Bellandur
veterinary,Anti Rabies Vaccination of stray dogs,Kadugodi
veterinary,Animal Rescue - Not well - Requires attention,Nagarabhavi
Road Infrastructure,Road Infrastructure,Jayangar
Health Dept,Air/Noise pollution,Herohalli
Road Maintenance(Engg),Footpath,BTM Layout
Solid Waste (Garbage) Related,Dead animal(s),Mathikere
Road Maintenance(Engg),Road cutting,Sudduguntepalya
Road Maintenance(Engg),Road side drains,Vishwanathnagenahalli
Health Dept,Dengue positive,Sudduguntepalya
Solid Waste (Garbage) Related,Sweeping not done,Rajamahal
Health Dept,Dengue positive,Benniganahalli
veterinary,Animal Rescue - Not well - Requires attention,Radhakrishna Temple
veterinary,Anti Rabies Vaccination of stray dogs,Kavalbyrasandra
veterinary,Animal birth control/neutering of stray dogs,Hagadooru
E khata / Khata services,Ekhata - name correction,Vidyaranyapura
Road Maintenance(Engg),Potholes,A.Narayanapura
E khata / Khata services,Technical Issue In Ekhata,Dodda Bidarkallu
Solid Waste (Garbage) Related,Garbage dumping in vacant sites,Ganeshmandira Ward
Storm  Water Drain(SWD),Garbage thrown in storm water drain,Yeshwanthpur
Solid Waste (Garbage) Related,Dead animal(s),Varthur
Road Maintenance(Engg),Road cutting,Azad Nagar
Storm  Water Drain(SWD),Sewerage water left in SWD,Domlur
veterinary,Fatally injured - Needs immediate attention,Bapuji Nagar
Road Maintenance(Engg),water leakage on road,Bellandur
Parks and Play grounds,Issues Related to Parks/Medians/Circles/Island.,Banaswadi
Solid Waste (Garbage) Related,Sweeping not done,Kavalbyrasandra
Solid Waste (Garbage) Related,Garbage dumping in vacant sites,Herohalli
veterinary,Anti Rabies Vaccination of stray dogs,Bellandur
Road Maintenance(Engg),Road cutting,Padmanabha Nagar
E khata / Khata services,Ekhata missing in online,Arakere
Storm  Water Drain(SWD),Maintenance of SWD,Jnanabharathi Ward
Electrical,Street Light Not Working,Subhash Nagar
Forest,Removal of dead/fallen trees,Okalipuram
Electrical,Requirement For New Street Lights,Singasandra
Storm  Water Drain(SWD),Maintenance of SWD,Anjanapur
Road Maintenance(Engg),footpath encroachment,Ganga Nagar
Traffic Engineer Cell (TEC),TEC,Jayanagar East
Solid Waste (Garbage) Related,Garbage dumping in vacant sites,K.R.Market
E khata / Khata services,Other Khata / ekhata issues,Arakere
E khata / Khata services,Other Khata / ekhata issues,Kaveripura
Solid Waste (Garbage) Related,Complaint against SW collector/ SWM official for violation of SWM Rules,Vasanth Nagar
veterinary,Fatally injured - Needs immediate attention,Doddabommasandra
Health Dept,Increase in mosquito density,Singasandra
Solid Waste (Garbage) Related,Garbage dumping in vacant sites,Konanakunte
Road Maintenance(Engg),Road cutting,Prakash Nagar
veterinary,Stray cattle related complaints,Begur
Road Infrastructure,Road Infrastructure,J.P.Park
Health Dept,Spraying,Maruthi Mandira Ward
Solid Waste (Garbage) Related,Complaint against SW collector/ SWM official for violation of SWM Rules,Maruthi Seva Nagar
E khata / Khata services,Other Khata / ekhata issues,Kavalbyrasandra
E khata / Khata services,new Khata / Ekhata registration / creation,Horamavu
Road Maintenance(Engg),water stagnation,Devarajeevanahalli
Road Maintenance(Engg),water leakage on road,Gandhi Nagar
veterinary,Animal birth control/neutering of stray dogs,Hemmigepura
Road Maintenance(Engg),Debris Removal / Construction Material,Jeevanbhima Nagar
Solid Waste (Garbage) Related,Garbage dumping in vacant sites,Jogupalya
veterinary,Animal Death Need cremartion support,Kacharakanahalli
Solid Waste (Garbage) Related,Garbage vehicle not arrived,Sri Rammandira
Health Dept,Spraying,Anjanapur
Forest,Issues related Snakes/Birds/Monkeys,Rajamahal
Health Dept,Spraying,HBR Layout
Solid Waste (Garbage) Related,Public dustbins not cleaned,Basavanapura
Solid Waste (Garbage) Related,Dead animal(s),Vignana Nagar
Solid Waste (Garbage) Related,Garbage vehicle not arrived,Govindraja Nagara
Road Maintenance(Engg),water stagnation,Kadugodi
Call Center,others,Chokkasandra
Storm  Water Drain(SWD),Sewerage water left in SWD,A.Narayanapura
Road Maintenance(Engg),Road side drains,Shivaji Nagar
E khata / Khata services,ekhata approval pending with ARO,Singasandra
Road Maintenance(Engg),footpath encroachment,Bommanahalli
Road Maintenance(Engg),Road cutting,Bellandur
Solid Waste (Garbage) Related,Garbage transfer not as per norms & area not kept clean,Sunkenahalli
Solid Waste (Garbage) Related,Garbage dump,Shakthiganapathi Nagar
Solid Waste (Garbage) Related,Garbage dumping in vacant sites,Dharmarayaswamy Temple Ward
Sanitation,Urination in Public/Open Defecation,Adugodi
Road Maintenance(Engg),Debris Removal / Construction Material,Newthippasandra
veterinary,Animal Rescue - Not well - Requires attention,Marathalli
Solid Waste (Garbage) Related,Garbage dumping in vacant sites,Visvesvarapuram
Road Maintenance(Engg),water stagnation,Uttarahalli
Health Dept,Unhygienic premises in Hotel etc,Vasanth Nagar
Road Maintenance(Engg),Road side drains,Uttarahalli
Road Maintenance(Engg),Debris Removal / Construction Material,Shankaramata
veterinary,Animal Rescue - Not well - Requires attention,Sudam Nagar
Road Maintenance(Engg),Potholes,Ullalu
E khata / Khata services,ekhata approval pending with ARO,Nagapura
Road Maintenance(Engg),Road cutting,Singasandra
Storm  Water Drain(SWD),Sewerage water left in SWD,Rajarajeshwari Nagar
Road Maintenance(Engg),Potholes,Maruthi Mandira Ward
Health Dept,Unhygienic premises in Hotel etc,Maruthi Seva Nagar
E khata / Khata services,new Khata / Ekhata registration / creation,J.P.Nagar
E khata / Khata services,ekhata approval pending with ARO,Hombegowda Nagar
Parks and Play grounds,Gym/Children Play equipment in the parks,Jayachamarajendra Nagar
E khata / Khata services,Ekhata - name correction,Marathalli
Solid Waste (Garbage) Related,Dead animal(s),Attiguppe
Parks and Play grounds,Issues Related to Parks/Medians/Circles/Island.,Kottigepalya
Revenue Department,Unable to generate the property tax challan,Hagadooru
veterinary,Fatally injured - Needs immediate attention,Jnanabharathi Ward
E khata / Khata services,Technical Issue In Ekhata,Basavanapura
Revenue Department,Discrepancy In Khata Certificate and Khata Extract,Hagadooru
E khata / Khata services,Ekhata Area Correction,Kottigepalya
veterinary,Fatally injured - Needs immediate attention,Mallasandra
Parks and Play grounds,Environmental protection,Attiguppe
E khata / Khata services,Ekhata - name correction,Padmanabha Nagar
E khata / Khata services,Ekhata - name correction,Rajarajeshwari Nagar
Solid Waste (Garbage) Related,Complaint against SW collector/ SWM official for violation of SWM Rules,Jakkur
Forest,Removal of dead/fallen trees,S.K.Garden
Others,Others,Manorayanapalya
Road Maintenance(Engg),Road cutting,HSR Layout
Solid Waste (Garbage) Related,Complaint against SW collector/ SWM official for violation of SWM Rules,Basavanapura
Road Maintenance(Engg),Potholes,Sri Rammandira
veterinary,Stray/Rabid dog bite,C.V.Raman Nagar
Storm  Water Drain(SWD),Maintenance of SWD,Kadugondanahalli
Electrical,Requirement For New Street Lights,Sanjay Nagar
Road Infrastructure,Road Infrastructure,Shanthi Nagar
Forest,Removal of dead/fallen trees,Ganga Nagar
Forest,Removal of dead/fallen trees,Marappana Palya
Solid Waste (Garbage) Related,Dead animal(s),Malleshwaram
Road Maintenance(Engg),water stagnation,H.M.T
Road Infrastructure,Road Infrastructure,Neelasandra
veterinary,Stray/Rabid dog bite,Anjanapur
Road Maintenance(Engg),Debris Removal / Construction Material,Vishwanathnagenahalli
Road Maintenance(Engg),Road side drains,Someshwara
Solid Waste (Garbage) Related,Complaint against SW collector/ SWM official for violation of SWM Rules,Ullalu
Solid Waste (Garbage) Related,Garbage vehicle not arrived,Madiwala
Road Maintenance(Engg),Road cutting,Shettyhalli
veterinary,Fatally injured - Needs immediate attention,Arakere
Solid Waste (Garbage) Related,Burning of Garbage in Open Space,Jnanabharathi Ward
Solid Waste (Garbage) Related,Sweeping not done,J.P.Park
Road Maintenance(Engg),Potholes,Sagayapuram
Town Planning,Construction not done as per approved plan (Building Bye Law Violations),Doddabommasandra
E khata / Khata services,Other Khata / ekhata issues,Koramangala
veterinary,Anti Rabies Vaccination of stray dogs,Jeevanbhima Nagar
Others,Others,Sri Nagar
Forest,Removal of dead/fallen trees,BTM Layout
Others,Others,Byrasandra
veterinary,Stray cattle related complaints,Arakere
Solid Waste (Garbage) Related,Garbage vehicle not arrived,Nandini Layout
Electrical,Street Light Not Working,Dr.Rajkumar Ward
Road Maintenance(Engg),footpath encroachment,K.R.Puram
veterinary,Stray dog related complaints,J.P.Park
Others,Others,Dodda Bidarkallu
Parks and Play grounds,Issues Related to Parks/Medians/Circles/Island.,Jeevanbhima Nagar
Forest,Removal of dead/fallen trees,Nagarabhavi
Electrical,Street Lights Switched On During Day Time,Konena Agrahara
Solid Waste (Garbage) Related,Garbage vehicle not arrived,Shankaramata
Lakes,Lake not maintained properly,Begur
Parks and Play grounds,Gym/Children Play equipment in the parks,Kumaraswamy Layout
Town Planning,UnAuthorised Building Constructions,Moodalapalya
Solid Waste (Garbage) Related,Burning of Garbage in Open Space,K.R.Market
Road Infrastructure,Road Infrastructure,Jakkur
Health Dept,Air/Noise pollution,Kacharakanahalli
Road Maintenance(Engg),footpath encroachment,Rajarajeshwari Nagar
Solid Waste (Garbage) Related,Garbage dumping in vacant sites,Garudacharpalya
Road Maintenance(Engg),Road side drains,Shanthi Nagar
Road Maintenance(Engg),Potholes,Shanthi Nagar
Road Maintenance(Engg),water stagnation,Basavanapura
Road Maintenance(Engg),Road side drains,BTM Layout
Forest,Removal of dead/fallen trees,Thanisandra
Health Dept,Increase in mosquito density,Jogupalya
veterinary,Animal Rescue - Not well - Requires attention,Kempegowda Ward
Road Infrastructure,Road Infrastructure,Hanumantha Nagar
veterinary,Mutton/Chicken/fish stall Unhygienic maintenance,Bilekahalli
veterinary,Anti Rabies Vaccination of stray dogs,HAL Airport
Road Maintenance(Engg),water stagnation,Vignana Nagar
Road Maintenance(Engg),Road cutting,Marathalli
Road Infrastructure,Road Infrastructure,Herohalli
Road Maintenance(Engg),water leakage on road,Ramamurthy Nagar
Road Maintenance(Engg),water stagnation,Adugodi
veterinary,Stray dog related complaints,Kempegowda Ward
Road Maintenance(Engg),Potholes,Kuvempu Nagar
veterinary,Animal Rescue - Not well - Requires attention,Jogupalya
Others,Others,Ramamurthy Nagar
Health Dept,Spraying,Rajamahal
Health Dept,Spraying,Shanthala Nagar
Road Maintenance(Engg),footpath encroachment,Jaraganahalli
Storm  Water Drain(SWD),Maintenance of SWD,Vignana Nagar
Road Maintenance(Engg),Road side drains,Kavalbyrasandra
Road Maintenance(Engg),water stagnation,Jogupalya
Others,Others,Hebbal
Road Maintenance(Engg),Road side drains,Hebbal
Health Dept,Air/Noise pollution,Azad Nagar
Road Maintenance(Engg),Potholes,Binnipet
Electrical,Requirement For New Street Lights,K.R.Puram
Electrical,Requirement For New Street Lights,Hebbal
veterinary,Animal Cruelty/Relocated,Dayananda Nagar
Solid Waste (Garbage) Related,Sweeping not done,Subramanya Nagar
Electrical,Requirement For New Street Lights,Jayangar
Electrical,Requirement For New Street Lights,Bellandur
Health Dept,Unhygienic premises in Hotel etc,Hombegowda Nagar
Road Maintenance(Engg),Potholes,K.R.Puram
Solid Waste (Garbage) Related,Garbage dumping in vacant sites,Jnanabharathi Ward
Road Infrastructure,Road Infrastructure,Kuvempu Nagar
veterinary,Animal Rescue - Not well - Requires attention,Hombegowda Nagar
Electrical,Earthing Issue relate to Electric Poles/Panel Boards,Gurappanapalya
Parks and Play grounds,Issues Related to Parks/Medians/Circles/Island.,Jayanagar East
Town Planning,Construction not done as per approved plan (Building Bye Law Violations),Marenahalli
veterinary,Animal birth control/neutering of stray dogs,Kavalbyrasandra
Road Infrastructure,Road Infrastructure,Yelahanka old Satellite Town
Road Infrastructure,Road Infrastructure,Chamrajpet
Health Dept,Air/Noise pollution,Vidyaranyapura
veterinary,Stray dog related complaints,Chikkalasandra
Forest,Issues related Snakes/Birds/Monkeys,Shettyhalli
Electrical,Park Lights Not Working,Mahalakshmipuram
veterinary,Stray/Rabid dog bite,Jogupalya
veterinary,Animal Rescue - Not well - Requires attention,Doddabommasandra
Solid Waste (Garbage) Related,Dead animal(s),Jnanabharathi Ward
E khata / Khata services,Other Khata / ekhata issues,Thanisandra
veterinary,Animal birth control/neutering of stray dogs,Chamrajpet
Road Maintenance(Engg),Footpath,Dharmarayaswamy Temple Ward
Road Maintenance(Engg),footpath encroachment,Jnanabharathi Ward
veterinary,Stray dog related complaints,Sri Nagar
veterinary,Stray pig related complaints,Hoodi
E khata / Khata services,Technical Issue In Ekhata,Hemmigepura
Revenue Department,Khata Services (Registration, Transfer, Bifurcation and Amalgamation),Okalipuram
Call Center,others,Jeevanbhima Nagar
Road Maintenance(Engg),Road cutting,Jnanabharathi Ward
Solid Waste (Garbage) Related,Garbage nuisance while transporting,Siddapura
Road Maintenance(Engg),UnAuthorised Constructions,Hemmigepura
E khata / Khata services,Other Khata / ekhata issues,Nagavara
Health Dept,Increase in mosquito density,Agrahara Dasarahalli
Solid Waste (Garbage) Related,Garbage transfer not as per norms & area not kept clean,BTM Layout
veterinary,Stray dog related complaints,Giri Nagar
Road Maintenance(Engg),UnAuthorised Constructions,Varthur
Road Infrastructure,Road Infrastructure,Shettyhalli
Road Maintenance(Engg),Debris Removal / Construction Material,Sri Rammandira
Forest,Issues related Snakes/Birds/Monkeys,Sarakki
Road Maintenance(Engg),water stagnation,Singasandra
Solid Waste (Garbage) Related,Garbage vehicle not arrived,Chikpete
Advertisement,Flex and banners,Hagadooru
veterinary,Stray/Rabid dog bite,J.P.Park
Electrical,Requirement For New Street Lights,Jeevanbhima Nagar
veterinary,Stray dog related complaints,Someshwara
E khata / Khata services,Technical Issue In Ekhata,Ulsoor
Health Dept,Dengue positive,Govindraja Nagara
Health Dept,Dengue positive,Kavalbyrasandra
Health Dept,Dengue positive,Bapuji Nagar
Road Infrastructure,Road Infrastructure,Hebbal
Road Maintenance(Engg),Debris Removal / Construction Material,Koramangala
Health Dept,Dengue positive,Shanthi Nagar
Health Dept,Dengue positive,Singasandra
Health Dept,Dengue positive,Vasanth Nagar
Solid Waste (Garbage) Related,Garbage vehicle not arrived,Ulsoor
Solid Waste (Garbage) Related,Dead animal(s),Hegganahalli
Solid Waste (Garbage) Related,Garbage transfer not as per norms & area not kept clean,Konena Agrahara
Road Maintenance(Engg),footpath encroachment,Byatarayanapura
Health Dept,Dengue positive,Sudam Nagar
Health Dept,Dengue positive,Domlur
E khata / Khata services,Ekhata - name correction,Begur
Health Dept,Dengue positive,Konena Agrahara
Solid Waste (Garbage) Related,Dead animal(s),Vasanthapura
Lakes,Dumping of construction & Demolition waste in to lake,Jakkur
Health Dept,Dengue positive,Bommanahalli
Road Maintenance(Engg),Debris Removal / Construction Material,Bilekahalli
E khata / Khata services,Other Khata / ekhata issues,Chikkalasandra
Forest,Removal of dead/fallen trees,Mangammanapalya
veterinary,Animal Rescue - Not well - Requires attention,Doddanekkundi
Solid Waste (Garbage) Related,Garbage dumping in vacant sites,K.R.Puram
Storm  Water Drain(SWD),Sewerage water left in SWD,Hanumantha Nagar
Road Maintenance(Engg),Potholes,Jagajeevanram Nagar
Road Maintenance(Engg),Road side drains,Herohalli
E khata / Khata services,Ekhata - name correction,Hoysala Nagar
Health Dept,Fogging,Lakkasandra
Revenue Department,Unable to Generate the receipt after property tax payment.,Hagadooru
Road Maintenance(Engg),Debris Removal / Construction Material,Konanakunte
E khata / Khata services,Technical Issue In Ekhata,Thanisandra
Solid Waste (Garbage) Related,Garbage transfer not as per norms & area not kept clean,Hombegowda Nagar
Revenue Department,Unable to generate the property tax challan,Gali Anjaneya Swamy Temple Ward
Solid Waste (Garbage) Related,Garbage dumping in vacant sites,Devarajeevanahalli
Road Maintenance(Engg),Road side drains,Gayathri Nagar
Road Maintenance(Engg),footpath encroachment,Kodigehalli
Forest,obstructions Branches / Trees.,Dattathreya Temple
veterinary,Stray/Rabid dog bite,Hemmigepura
Road Maintenance(Engg),Debris Removal / Construction Material,Hosahalli
veterinary,Feeder Harassment  by Individual / Mob but no association,Madiwala
Health Dept,Unhygienic premises in Hotel etc,Herohalli
Road Maintenance(Engg),footpath encroachment,Vasanth Nagar
Road Maintenance(Engg),Road cutting,Kadugodi
veterinary,Mutton/Chicken/fish stall Unhygienic maintenance,Puttenahalli
Electrical,Street Light Not Working,Gali Anjaneya Swamy Temple Ward
E khata / Khata services,Other Khata / ekhata issues,Puttenahalli
Road Maintenance(Engg),Footpath,Shivaji Nagar
Solid Waste (Garbage) Related,Public dustbins not cleaned,Garudacharpalya
E khata / Khata services,new Khata / Ekhata registration / creation,Begur
Property Tax services,Unable to generate receipt after property tax payment,Kadugodi
E khata / Khata services,ekhata approval pending with ARO,Hoodi
Health Dept,Spraying,Ullalu
Road Maintenance(Engg),Road side drains,Padarayanapura
veterinary,Stray cattle related complaints,Visvesvarapuram
Solid Waste (Garbage) Related,Complaint against SW collector/ SWM official for violation of SWM Rules,Bilekahalli
veterinary,Fatally injured - Needs immediate attention,Sudam Nagar
Road Maintenance(Engg),Debris Removal / Construction Material,Bagalagunte
veterinary,Stray cattle related complaints,Ramamurthy Nagar
Electrical,Street Lights Switched On During Day Time,Koramangala
Parks and Play grounds,Gym/Children Play equipment in the parks,Kacharakanahalli
Others,Others,J.P.Nagar
Road Maintenance(Engg),Footpath,Hosahalli
Revenue Department,Unable to generate the property tax challan,Doddanekkundi
Forest,obstructions Branches / Trees.,Lingarajapuram
Others,Others,Hongasandra
E khata / Khata services,new Khata / Ekhata registration / creation,Yelachenahalli
Health Dept,Increase in mosquito density,Katriguppe
veterinary,Animal birth control/neutering of stray dogs,Ramamurthy Nagar
Road Maintenance(Engg),Debris Removal / Construction Material,Radhakrishna Temple
Road Maintenance(Engg),Road side drains,Rajaji Nagar
Road Maintenance(Engg),footpath encroachment,Kaveripura
Solid Waste (Garbage) Related,Garbage dumping in vacant sites,Chamrajpet
Solid Waste (Garbage) Related,Garbage dumping in vacant sites,Sagayapuram
Others,Others,Kadugodi
Road Maintenance(Engg),Debris Removal / Construction Material,Yeshwanthpur
veterinary,Animal Rescue - Not well - Requires attention,Gurappanapalya
Storm  Water Drain(SWD),Garbage thrown in storm water drain,Hongasandra
Parks and Play grounds,Issues Related to Parks/Medians/Circles/Island.,Chowdeshwari Ward
Road Infrastructure,Road Infrastructure,Bommanahalli
Road Maintenance(Engg),Debris Removal / Construction Material,Gottigere
Road Maintenance(Engg),water stagnation,Manorayanapalya
veterinary,Animal Rescue - Not well - Requires attention,Kadugodi
Storm  Water Drain(SWD),Maintenance of SWD,Padmanabha Nagar
Others,Others,Mathikere
Solid Waste (Garbage) Related,Dead animal(s),Ulsoor
veterinary,Stray/Rabid dog bite,Deepanjali Nagar
Solid Waste (Garbage) Related,Dead animal(s),Kempegowda Ward
Road Maintenance(Engg),Debris Removal / Construction Material,J.P.Park
Road Maintenance(Engg),Debris Removal / Construction Material,Prakash Nagar
Electrical,Requirement For New Street Lights,Sunkenahalli
Solid Waste (Garbage) Related,Public dustbins not cleaned,Bellandur
Solid Waste (Garbage) Related,Garbage dumping in vacant sites,Mangammanapalya
veterinary,Animal Rescue - Not well - Requires attention,Arakere
veterinary,Stray pig related complaints,Kadugodi
Health Dept,Fogging,Marappana Palya
Others,Others,Visvesvarapuram
Solid Waste (Garbage) Related,Sweeping not done,Hebbal
Forest,obstructions Branches / Trees.,Kaveripura
Parks and Play grounds,Issues Related to Parks/Medians/Circles/Island.,H.M.T
Road Maintenance(Engg),Footpath,Hanumantha Nagar
Electrical,Street Lights Switched On During Day Time,Marathalli
E khata / Khata services,ekhata approval pending with ARO,Deepanjali Nagar
Health Dept,Unhygienic premises in Hotel etc,Benniganahalli
veterinary,Stray dog related complaints,Deepanjali Nagar
Storm  Water Drain(SWD),Maintenance of SWD,Rajarajeshwari Nagar
Solid Waste (Garbage) Related,Dead animal(s),Nagavara
Road Maintenance(Engg),water stagnation,Gayathri Nagar
Solid Waste (Garbage) Related,Garbage vehicle not arrived,Cottonpet
Road Maintenance(Engg),Road side drains,Bapuji Nagar
Road Maintenance(Engg),Potholes,Sarvagna Nagar
veterinary,Stray dog related complaints,Visvesvarapuram
Town Planning,Noise during Building Construction,Gayathri Nagar
Solid Waste (Garbage) Related,Complaint against SW collector/ SWM official for violation of SWM Rules,K.R.Puram
Forest,Removal of dead/fallen trees,Marenahalli
Solid Waste (Garbage) Related,Garbage vehicle not arrived,Yeshwanthpur
E khata / Khata services,ekhata approval pending with ARO,Yelahanka old Satellite Town
Road Maintenance(Engg),Debris Removal / Construction Material,Subedarapalya
Road Infrastructure,Road Infrastructure,Nagavara
veterinary,Fatally injured - Needs immediate attention,Hoysala Nagar
veterinary,Dog, cat Poor conditions / Breeding license validation,Doddanekkundi
Solid Waste (Garbage) Related,Garbage transfer not as per norms & area not kept clean,Chokkasandra
Solid Waste (Garbage) Related,Garbage nuisance while transporting,Sunkenahalli
Health Dept,Indira Canteen,Jayangar
Road Maintenance(Engg),Debris Removal / Construction Material,Mathikere
E khata / Khata services,ekhata approval pending with ARO,Uttarahalli
Solid Waste (Garbage) Related,Sweeping not done,Nayandanahalli
Road Maintenance(Engg),Road side drains,Newthippasandra
Road Maintenance(Engg),water stagnation,Konanakunte
Sanitation,Public toilet(s) blockage,Byatarayanapura
E khata / Khata services,ekhata approval pending with ARO,Arakere
Road Maintenance(Engg),Road side drains,Hongasandra
Town Planning,Noise during Building Construction,Uttarahalli
Solid Waste (Garbage) Related,Garbage dump,Rajaji Nagar
Health Dept,Spraying,Giri Nagar
veterinary,Animal Rescue - Not well - Requires attention,Vijanapura
Others,Others,Benniganahalli
veterinary,Animal birth control/neutering of stray dogs,Jalahalli
Solid Waste (Garbage) Related,Sweeping not done,Hoodi
Forest,Removal of dead/fallen trees,Agaram
Road Infrastructure,Road Infrastructure,Basavanapura
Solid Waste (Garbage) Related,Segregation of waste is not done,Jayanagar East
Road Maintenance(Engg),water leakage on road,Kadugodi
leading to an unhygienic environment and posing serious health risks to residents. The garbage bins are overflowing,and waste is being scattered on the streets,
Road Maintenance(Engg),water stagnation,Koramangala
Storm  Water Drain(SWD),Garbage thrown in storm water drain,HSR Layout
Solid Waste (Garbage) Related,Sweeping not done,Dodda Bidarkallu
veterinary,Anti Rabies Vaccination of stray dogs,Sampangiram Nagar
Forest,Removal of dead/fallen trees,Ramamurthy Nagar
Storm  Water Drain(SWD),Maintenance of SWD,Begur
Health Dept,Increase in mosquito density,Bellandur
Road Maintenance(Engg),Footpath,Singasandra
Solid Waste (Garbage) Related,Sweeping not done,Hoysala Nagar
veterinary,Fatally injured - Needs immediate attention,Banaswadi
Storm  Water Drain(SWD),Garbage thrown in storm water drain,Bellandur
veterinary,Animal Rescue - Not well - Requires attention,Thanisandra
E khata / Khata services,ekhata approval pending with ARO,Nagavara
Rashad Nagar,Govindapura,Bengaluru
Road Maintenance(Engg),water stagnation,Hampi Nagar
Road Maintenance(Engg),water stagnation,Shanthala Nagar
Road Maintenance(Engg),water stagnation,Gurappanapalya
Health Dept,Increase in mosquito density,Hagadooru
Health Dept,Increase in mosquito density,Kottigepalya
Health Dept,Increase in mosquito density,S.K.Garden
Others,Others,Madiwala
Road Maintenance(Engg),UnAuthorised Constructions,Dodda Bidarkallu
veterinary,Stray/Rabid dog bite,Yelachenahalli
Road Maintenance(Engg),Road side drains,Yelahanka old Satellite Town
Storm  Water Drain(SWD),Maintenance of SWD,Radhakrishna Temple
Road Maintenance(Engg),footpath encroachment,Prakash Nagar
Solid Waste (Garbage) Related,Public dustbins not cleaned,Konanakunte
Road Maintenance(Engg),Road cutting,A.Narayanapura
Solid Waste (Garbage) Related,Sweeping not done,Rajaji Nagar
veterinary,Animal Cruelty/Ill-Treated / Abused,Rajarajeshwari Nagar
veterinary,Stray dog related complaints,Gayathri Nagar
Road Maintenance(Engg),Footpath,Prakash Nagar
Forest,Removal of dead/fallen trees,Laggere
Others,Others,K.R.Market
Solid Waste (Garbage) Related,Garbage transfer not as per norms & area not kept clean,Jagajeevanram Nagar
Road Infrastructure,Road Infrastructure,Attiguppe
Health Dept,Increase in mosquito density,T-Dasarahalli
Others,Others,Jayangar
Solid Waste (Garbage) Related,Public dustbins not cleaned,Vignana Nagar
Storm  Water Drain(SWD),Sewerage water left in SWD,Kadugodi
Road Maintenance(Engg),Road cutting,Byatarayanapura
Parks and Play grounds,Issues Related to Parks/Medians/Circles/Island.,Vrushabhavati Nagar
Road Infrastructure,Road Infrastructure,Subramanya Nagar
Storm  Water Drain(SWD),Garbage thrown in storm water drain,HBR Layout
Road Maintenance(Engg),water stagnation,Shanthi Nagar
Road Maintenance(Engg),UnAuthorised Constructions,Konanakunte
Road Maintenance(Engg),footpath encroachment,Sri Nagar
Solid Waste (Garbage) Related,Dead animal(s),Shanthi Nagar
Parks and Play grounds,Issues Related to Parks/Medians/Circles/Island.,Basaveshwara Nagar
veterinary,Stray dog related complaints,Ramamurthy Nagar
Road Maintenance(Engg),Debris Removal / Construction Material,Lingarajapuram
Solid Waste (Garbage) Related,Garbage vehicle not arrived,Jaraganahalli
veterinary,Stray dog related complaints,Sunkenahalli
Revenue Department,Khata Services (Registration, Transfer, Bifurcation and Amalgamation),Shankaramata
Road Maintenance(Engg),Debris Removal / Construction Material,Attiguppe
Health Dept,Air/Noise pollution,Chokkasandra
Road Maintenance(Engg),Footpath,Vijay Nagar
Road Maintenance(Engg),Potholes,H.M.T
Others,Others,Kavalbyrasandra
veterinary,Stray/Rabid dog bite,Basavanagudi
Road Infrastructure,Road Infrastructure,Ganeshmandira Ward
veterinary,Stray/Rabid dog bite,Ramamurthy Nagar
veterinary,Stray dog related complaints,Benniganahalli
Solid Waste (Garbage) Related,Burning of Garbage in Open Space,Kadugodi
Storm  Water Drain(SWD),Maintenance of SWD,Kottigepalya
veterinary,Animal birth control/neutering of stray dogs,Kumaraswamy Layout
Solid Waste (Garbage) Related,Garbage transfer not as per norms & area not kept clean,Someshwara
veterinary,Animal birth control/neutering of stray dogs,Jayangar
Road Infrastructure,Road Infrastructure,Malleshwaram
veterinary,Anti Rabies Vaccination of stray dogs,Bommanahalli
Solid Waste (Garbage) Related,Sweeping not done,HAL Airport
Road Maintenance(Engg),Road side drains,Sri Nagar
Road Maintenance(Engg),Road side drains,Sanjay Nagar
Road Maintenance(Engg),Road cutting,Vignana Nagar
E khata / Khata services,Other Khata / ekhata issues,Chowdeshwari Ward
Forest,obstructions Branches / Trees.,Pulikeshi Nagar
Road Maintenance(Engg),Road side drains,Domlur
Others,Others,Prakash Nagar
Solid Waste (Garbage) Related,Garbage dumping in vacant sites,Chikpete
veterinary,Stray cattle related complaints,Gottigere
Storm  Water Drain(SWD),Maintenance of SWD,HBR Layout
Town Planning,Noise during Building Construction,Sarakki
Solid Waste (Garbage) Related,Dead animal(s),Mallasandra
Solid Waste (Garbage) Related,Garbage vehicle not arrived,Domlur
Advertisement,Flex and banners,Vasanthapura
Road Maintenance(Engg),UnAuthorised Constructions,Jakkur
Road Maintenance(Engg),Overhanging cables,Shanthi Nagar
Health Dept,Increase in mosquito density,Visvesvarapuram
Town Planning,Noise during Building Construction,Konanakunte
Solid Waste (Garbage) Related,Garbage vehicle not arrived,Azad Nagar
Storm  Water Drain(SWD),Sewerage water left in SWD,Vijanapura
Road Maintenance(Engg),water leakage on road,Shettyhalli
Forest,Removal of dead/fallen trees,Sarakki
Forest,Issues related Snakes/Birds/Monkeys,Aramane Nagar
Forest,Issues related Snakes/Birds/Monkeys,Bellandur
Revenue Department,Khata Services (Registration, Transfer, Bifurcation and Amalgamation),Ramamurthy Nagar
veterinary,Animal Rescue - Not well - Requires attention,Hanumantha Nagar
Road Maintenance(Engg),Debris Removal / Construction Material,Kaveripura
Health Dept,Fogging,Bapuji Nagar
Road Infrastructure,Road Infrastructure,Gayathri Nagar
Solid Waste (Garbage) Related,Sweeping not done,Okalipuram
Solid Waste (Garbage) Related,Garbage dumping in vacant sites,Sanjay Nagar
Road Infrastructure,Road Infrastructure,Lakshmidevi Nagar
Health Dept,Increase in mosquito density,H.M.T
Health Dept,Dengue positive,Deepanjali Nagar
Solid Waste (Garbage) Related,Complaint against SW collector/ SWM official for violation of SWM Rules,Aramane Nagar
Road Maintenance(Engg),Potholes,Hosakerehalli
Forest,Removal of dead/fallen trees,Attiguppe
Health Dept,Dengue positive,Gandhi Nagar
Advertisement,Flex and banners,Konanakunte
Health Dept,Dengue positive,Koramangala
Health Dept,Dengue positive,Ejipura
Road Infrastructure,Road Infrastructure,Peenya Industrial Area
Solid Waste (Garbage) Related,Garbage transfer not as per norms & area not kept clean,K.R.Puram
Health Dept,Dengue positive,Chamrajpet
Health Dept,Dengue positive,J.P.Nagar
Health Dept,Dengue positive,Sarakki
Health Dept,Dengue positive,Hombegowda Nagar
Sanitation,Public toilet(s) blockage,Moodalapalya
Indira Canteen,Food Quality,Katriguppe
Health Dept,Dengue positive,Uttarahalli
Road Maintenance(Engg),Potholes,Prakash Nagar
Solid Waste (Garbage) Related,Garbage vehicle not arrived,Jagajeevanram Nagar
Solid Waste (Garbage) Related,Dead animal(s),H.M.T
Road Maintenance(Engg),Road cutting,Chikpete
veterinary,Pet dog licence,Byatarayanapura
Others,Others,Rajamahal
Parks and Play grounds,Issues Related to Parks/Medians/Circles/Island.,J.P.Nagar
veterinary,Stray cattle related complaints,Jayanagar East
Road Maintenance(Engg),footpath encroachment,Shettyhalli
Road Maintenance(Engg),Footpath,Shettyhalli
Solid Waste (Garbage) Related,Public dustbins not cleaned,Peenya Industrial Area
veterinary,Stray pig related complaints,HSR Layout
veterinary,Fatally injured - Needs immediate attention,Thanisandra
Others,Others,Basavanagudi
Solid Waste (Garbage) Related,Garbage dump,Hegganahalli
Forest,obstructions Branches / Trees.,Jayamahal
veterinary,Animal Rescue - Not well - Requires attention,Maruthi Seva Nagar
Health Dept,Unhygienic premises in Hotel etc,Shiva Nagar
Road Maintenance(Engg),Potholes,Manorayanapalya
Others,Others,Dr.Rajkumar Ward
Health Dept,Unhygienic premises in Hotel etc,Hebbal
Road Maintenance(Engg),Potholes,Jakkasandra
Electrical,Street Lights Switched On During Day Time,Kadugodi
veterinary,Fatally injured - Needs immediate attention,Doddanekkundi
veterinary,Fatally injured - Needs immediate attention,Pattabhiram Nagar
Road Maintenance(Engg),Road cutting,K.R.Puram
veterinary,Mutton/Chicken/fish stall Unhygienic maintenance,Bellandur
mobile no and your name to this no 9731942741 we will attend the case,B K Ashwath Narayan/VI,,
Road Maintenance(Engg),Road side drains,Kadugondanahalli
Electrical,Street Lights Switched On During Day Time,Bilekahalli
Storm  Water Drain(SWD),Sewerage water left in SWD,Thanisandra
Forest,Issues related Snakes/Birds/Monkeys,Kadugodi
veterinary,Animal Rescue - Not well - Requires attention,Hemmigepura
Forest,Removal of dead/fallen trees,Hombegowda Nagar
Forest,obstructions Branches / Trees.,Padmanabha Nagar
veterinary,Animal Rescue - Not well - Requires attention,Konanakunte
Road Maintenance(Engg),Road cutting,Pattabhiram Nagar
veterinary,Animal Rescue - Not well - Requires attention,Begur
Road Maintenance(Engg),footpath encroachment,Shakambari Nagar
Storm  Water Drain(SWD),Sewerage water left in SWD,Hoodi
Solid Waste (Garbage) Related,Dead animal(s),Kumaraswamy Layout
Road Maintenance(Engg),Debris Removal / Construction Material,Basavanagudi
Solid Waste (Garbage) Related,Garbage nuisance while transporting,Garudacharpalya
Solid Waste (Garbage) Related,Dead animal(s),Madiwala
veterinary,Dog bite pet dog,Radhakrishna Temple
E khata / Khata services,Ekhata missing in online,Hagadooru
E khata / Khata services,ekhata approval pending with ARO,Peenya Industrial Area
Road Maintenance(Engg),Debris Removal / Construction Material,K.R.Market
veterinary,Dog bite pet dog,Aramane Nagar
E khata / Khata services,ekhata approval pending with ARO,Rajagopala Nagar
Solid Waste (Garbage) Related,Sweeping not done,HSR Layout
veterinary,Dog, cat Poor conditions / Breeding license validation,Thanisandra
Solid Waste (Garbage) Related,Complaint against SW collector/ SWM official for violation of SWM Rules,Anjanapur
E khata / Khata services,Ekhata - name correction,Jaraganahalli
Solid Waste (Garbage) Related,Sweeping not done,Kamakshipalya
Revenue Department,Discrepancy In Khata Certificate and Khata Extract,Pulikeshi Nagar
Revenue Department,Discrepancy In Khata Certificate and Khata Extract,Horamavu
Forest,obstructions Branches / Trees.,Padarayanapura
Solid Waste (Garbage) Related,Sweeping not done,Mahalakshmipuram
Revenue Department,Discrepancy In Khata Certificate and Khata Extract,Basavanapura
Road Infrastructure,Road Infrastructure,HSR Layout
Others,Others,Jnanabharathi Ward
veterinary,Fatally injured - Needs immediate attention,Jalahalli
veterinary,Stray/Rabid dog bite,Ullalu
Road Infrastructure,Road Infrastructure,Ramaswamy Palya
Solid Waste (Garbage) Related,Garbage dumping in vacant sites,Bommanahalli
Town Planning,Noise during Building Construction,Koramangala
Road Maintenance(Engg),footpath encroachment,Yelahanka old Satellite Town
veterinary,Stray dog related complaints,Devarajeevanahalli
Sanitation,Urination in Public/Open Defecation,Garudacharpalya
Optical Fiber Cables (OFC),Without permission digging of road,Vignana Nagar
Road Maintenance(Engg),footpath encroachment,Konanakunte
veterinary,Animal birth control/neutering of stray dogs,Dodda Bidarkallu
Sanitation,Public toilet(s) blockage,Konanakunte
we don't have tranfer poin so we are doing here as possible as soon will Cheng the point when we got transferred point,Marshal Ward No 26/Marshal,,
Solid Waste (Garbage) Related,Sweeping not done,Attiguppe
veterinary,Animal Rescue - Not well - Requires attention,H.M.T
Road Maintenance(Engg),Potholes,Nandini Layout
Solid Waste (Garbage) Related,Sweeping not done,Herohalli
Parks and Play grounds,Issues Related to Parks/Medians/Circles/Island.,Domlur
Electrical,Earthing Issue relate to Electric Poles/Panel Boards,Kuvempu Nagar
Solid Waste (Garbage) Related,Complaint against SW collector/ SWM official for violation of SWM Rules,Arakere
Road Maintenance(Engg),Road cutting,Hongasandra
Health Dept,Increase in mosquito density,Nagapura
Road Maintenance(Engg),Overhanging cables,Gali Anjaneya Swamy Temple Ward
Health Dept,Increase in mosquito density,Vasanthapura
Solid Waste (Garbage) Related,Garbage transfer not as per norms & area not kept clean,Jalahalli
Solid Waste (Garbage) Related,Garbage transfer not as per norms & area not kept clean,Katriguppe
Solid Waste (Garbage) Related,Sweeping not done,Jayangar
Forest,obstructions Branches / Trees.,Jogupalya
Solid Waste (Garbage) Related,Garbage dumping in vacant sites,Bagalagunte
Solid Waste (Garbage) Related,Garbage vehicle not arrived,Bilekahalli
Road Infrastructure,Road Infrastructure,Kodigehalli
veterinary,Anti Rabies Vaccination of stray dogs,Anjanapur
Forest,Removal of dead/fallen trees,Yadiyuru
Road Infrastructure,Road Infrastructure,HBR Layout
Road Maintenance(Engg),Road cutting,C.V.Raman Nagar
Solid Waste (Garbage) Related,Complaint against SW collector/ SWM official for violation of SWM Rules,Nandini Layout
veterinary,Stray dog related complaints,Jayachamarajendra Nagar
Electrical,Earthing Issue relate to Electric Poles/Panel Boards,BTM Layout
Forest,Removal of dead/fallen trees,HBR Layout
Town Planning,Construction not done as per approved plan (Building Bye Law Violations),Madiwala
veterinary,Animal Rescue - Not well - Requires attention,Agrahara Dasarahalli
Parks and Play grounds,Issues Related to Parks/Medians/Circles/Island.,Chokkasandra
Road Maintenance(Engg),Debris Removal / Construction Material,Konena Agrahara
Health Dept,Unhygienic premises in Hotel etc,Banashankari Temple Ward
Others,Others,Sunkenahalli
Others,Others,Cottonpet
Revenue Department,Khata Services (Registration, Transfer, Bifurcation and Amalgamation),Garudacharpalya
veterinary,Stray dog related complaints,Vidyapeetha
Health Dept,Increase in mosquito density,Doddanekkundi
Revenue Department,Khata Services (Registration, Transfer, Bifurcation and Amalgamation),Varthur
Electrical,Requirement For New Street Lights,Uttarahalli
veterinary,Animal birth control/neutering of stray dogs,Jnanabharathi Ward
Electrical,Requirement For New Street Lights,Someshwara
veterinary,Animal Rescue - Not well - Requires attention,Jalahalli
Electrical,Street Light Not Working,Siddapura
Solid Waste (Garbage) Related,Dead animal(s),Dodda Bidarkallu
Advertisement,Flex and banners,HBR Layout
Road Maintenance(Engg),water leakage on road,Basavanagudi
veterinary,Animal birth control/neutering of stray dogs,Nayandanahalli
Electrical,Street Lights Switched On During Day Time,Byrasandra
veterinary,Animal Rescue - Not well - Requires attention,Chamrajpet
Parks and Play grounds,Issues Related to Parks/Medians/Circles/Island.,Basavanapura
Road Maintenance(Engg),water leakage on road,Mangammanapalya
Solid Waste (Garbage) Related,Garbage dumping in vacant sites,Arakere
Health Dept,Air/Noise pollution,Shiva Nagar
veterinary,Stray/Rabid dog bite,Herohalli
Health Dept,Increase in mosquito density,Chamrajpet
Electrical,Park Lights Not Working,Hemmigepura
Electrical,Requirement For New Street Lights,Begur
veterinary,Dog, cat Poor conditions / Breeding license validation,Hemmigepura
Road Maintenance(Engg),footpath encroachment,Hoodi
Road Maintenance(Engg),footpath encroachment,Madiwala
Electrical,Park Lights Not Working,Horamavu
veterinary,Animal Rescue - Not well - Requires attention,Shiva Nagar
Electrical,Requirement For New Street Lights,Vishwanathnagenahalli
Health Dept,Fogging,Thanisandra
Road Maintenance(Engg),footpath encroachment,Ramamurthy Nagar
Electrical,Earthing Issue relate to Electric Poles/Panel Boards,Radhakrishna Temple
Road Maintenance(Engg),footpath encroachment,Dattathreya Temple
Road Infrastructure,Road Infrastructure,Hosakerehalli
Water Crisis,Water related issue,Horamavu
Revenue Department,Khata Services (Registration, Transfer, Bifurcation and Amalgamation),Horamavu
Advertisement,Unsafe Hoardings,Vasanthapura
E khata / Khata services,Do not issue ekhata,Hagadooru
Electrical,Park Lights Not Working,Kempegowda Ward
veterinary,Dog, cat Poor conditions / Breeding license validation,Visvesvarapuram
Solid Waste (Garbage) Related,Garbage dumping in vacant sites,Dodda Bidarkallu
Health Dept,Spraying,Dodda Bidarkallu
Health Dept,Increase in mosquito density,Dodda Bidarkallu
Road Maintenance(Engg),Potholes,Dharmarayaswamy Temple Ward
Road Maintenance(Engg),Road cutting,Dharmarayaswamy Temple Ward
Forest,Removal of dead/fallen trees,Ejipura
Electrical,Open Electrical Junction Box,Manorayanapalya
Electrical,Open Electrical Junction Box,Jakkur
Parks and Play grounds,Gym/Children Play equipment in the parks,Bagalagunte
Road Infrastructure,Road Infrastructure,Newthippasandra
Storm  Water Drain(SWD),Maintenance of SWD,Bellandur
Road Maintenance(Engg),Potholes,Kacharakanahalli
Revenue Department,Discrepancy In Khata Certificate and Khata Extract,Singasandra
veterinary,Pet dog licence,Ejipura
Solid Waste (Garbage) Related,Sweeping not done,Gottigere
Road Maintenance(Engg),water stagnation,Someshwara
Forest,Removal of dead/fallen trees,Shanthi Nagar
Town Planning,Delay in issuing building permit,Jogupalya
E khata / Khata services,Technical Issue In Ekhata,Hoodi
Storm  Water Drain(SWD),Garbage thrown in storm water drain,Varthur
veterinary,Animal Rescue - Not well - Requires attention,Prakash Nagar
Revenue Department,Khata Services (Registration, Transfer, Bifurcation and Amalgamation),Ullalu
Road Maintenance(Engg),Debris Removal / Construction Material,Vrushabhavati Nagar
Road Maintenance(Engg),Footpath,Hebbal
Solid Waste (Garbage) Related,Garbage vehicle not arrived,Gayathri Nagar
E khata / Khata services,Technical Issue In Ekhata,Peenya Industrial Area
Property Tax services,Unable to generate receipt after property tax payment,Vijay Nagar
Solid Waste (Garbage) Related,Dead animal(s),Hombegowda Nagar
Road Maintenance(Engg),Road cutting,Ganga Nagar
Electrical,Street Lights Switched On During Day Time,Rajagopala Nagar
E khata / Khata services,Ekhata Other corrections,Dodda Bidarkallu
Road Maintenance(Engg),footpath encroachment,Uttarahalli
Road Maintenance(Engg),Potholes,Banaswadi
Sanitation,Public toilet(s) cleaning,Hanumantha Nagar
Solid Waste (Garbage) Related,Dead animal(s),Jayachamarajendra Nagar
Solid Waste (Garbage) Related,Burning of Garbage in Open Space,Anjanapur
veterinary,Feeder Harassment by Association / Gated Community,Horamavu
Storm  Water Drain(SWD),Sewerage water left in SWD,Garudacharpalya
Solid Waste (Garbage) Related,Sweeping not done,Bharathi Nagar
Health Dept,Dengue positive,Jeevanbhima Nagar
E khata / Khata services,Ekhata Other corrections,Arakere
veterinary,Stray dog related complaints,Marenahalli
veterinary,Animal birth control/neutering of stray dogs,Shakthiganapathi Nagar
Road Maintenance(Engg),Potholes,Nagarabhavi
Electrical,Requirement For New Street Lights,Sampangiram Nagar
Road Maintenance(Engg),Road cutting,Kottigepalya
Health Dept,Spraying,Bellandur
Road Maintenance(Engg),Footpath,Domlur
Health Dept,Increase in mosquito density,Hemmigepura
veterinary,Animal birth control/neutering of stray dogs,Adugodi
veterinary,Stray/Rabid dog bite,Agaram
Solid Waste (Garbage) Related,Sweeping not done,Thanisandra
Health Dept,Spraying,Yeshwanthpur
Storm  Water Drain(SWD),Sewerage water left in SWD,Benniganahalli
Solid Waste (Garbage) Related,Dead animal(s),Deepanjali Nagar
Road Maintenance(Engg),Road cutting,Bapuji Nagar
veterinary,Fatally injured - Needs immediate attention,Jakkasandra
Road Maintenance(Engg),footpath encroachment,Singasandra
Road Maintenance(Engg),water stagnation,Jayanagar East
Storm  Water Drain(SWD),Maintenance of SWD,HSR Layout
Solid Waste (Garbage) Related,Garbage transfer not as per norms & area not kept clean,Malleshwaram
Road Maintenance(Engg),Road side drains,Rajarajeshwari Nagar
Road Maintenance(Engg),Road side drains,Azad Nagar
Storm  Water Drain(SWD),Maintenance of SWD,Sampangiram Nagar
Lakes,Sewage inflow to lake,Singasandra
veterinary,Animal Cruelty/Ill-Treated / Abused,Herohalli
Road Infrastructure,Road Infrastructure,Jogupalya
Road Maintenance(Engg),Footpath,Sudam Nagar
Road Infrastructure,Road Infrastructure,Byatarayanapura
veterinary,Anti Rabies Vaccination of stray dogs,Sarvagna Nagar
Road Maintenance(Engg),Footpath,Nagarabhavi
Plastic,Use of banned single use plastic,Hosakerehalli
veterinary,Stray dog related complaints,Gurappanapalya
Solid Waste (Garbage) Related,Garbage dump,T-Dasarahalli
Advertisement,Flex and banners,Hebbal
Solid Waste (Garbage) Related,Dead animal(s),Padmanabha Nagar
Health Dept,Unavailability of staff,Bellandur
veterinary,Stray dog related complaints,Okalipuram
I inform owner to clear that garbage as soon as possible,Marshal Ward No 193/Marshal,,
veterinary,Fatally injured - Needs immediate attention,Vrushabhavati Nagar
Electrical,Requirement For New Street Lights,Doddanekkundi
Solid Waste (Garbage) Related,Dead animal(s),Thanisandra
Health Dept,Unavailability of staff,Bilekahalli
the eKhata download option is temporarily unavailable. Kindly check back once the correction process is completed.,Santhosh/RI,,
you are not able to download the eKhata.,Santhosh/RI,,
Road Maintenance(Engg),Footpath,Shiva Nagar
Road Maintenance(Engg),Footpath,Konanakunte
Health Dept,Fogging,Padmanabha Nagar
Solid Waste (Garbage) Related,Garbage dump,Subramanya Nagar
E khata / Khata services,Ekhata - name correction,Jayangar
Solid Waste (Garbage) Related,Sweeping not done,T-Dasarahalli
Solid Waste (Garbage) Related,Garbage vehicle not arrived,Gandhi Nagar
Health Dept,Fogging,Gayathri Nagar
Solid Waste (Garbage) Related,Garbage transfer not as per norms & area not kept clean,Kengeri
veterinary,Stray/Rabid dog bite,Yelahanka old Satellite Town
Health Dept,Spraying,Vasanthapura
Revenue Department,Discrepancy In Khata Certificate and Khata Extract,Dharmarayaswamy Temple Ward
Solid Waste (Garbage) Related,Garbage transfer not as per norms & area not kept clean,HBR Layout
Storm  Water Drain(SWD),Maintenance of SWD,Ullalu
E khata / Khata services,new Khata / Ekhata registration / creation,Kadugodi
Solid Waste (Garbage) Related,Garbage dumping in vacant sites,Basavanapura
Solid Waste (Garbage) Related,Public dustbins not cleaned,Vasanthapura
Electrical,Street Lights Switched On During Day Time,Hegganahalli
Traffic Engineer Cell (TEC),TEC,Gandhi Nagar
Health Dept,Increase in mosquito density,Kodigehalli
veterinary,Animal Rescue - Not well - Requires attention,T-Dasarahalli
Solid Waste (Garbage) Related,Burning of Garbage in Open Space,Hebbal
Road Maintenance(Engg),water leakage on road,Yadiyuru
Solid Waste (Garbage) Related,Garbage transfer not as per norms & area not kept clean,Shanthala Nagar
Road Maintenance(Engg),Road cutting,Hagadooru
Road Maintenance(Engg),Potholes,Lakshmidevi Nagar
Solid Waste (Garbage) Related,Public dustbins not cleaned,Jaraganahalli
Electrical,Requirement For New Street Lights,Konanakunte
Projects Central,Road furnitures,Hoysala Nagar
Health Dept,Unhygienic premises in Hotel etc,Garudacharpalya
Electrical,Street Light Not Working,Rayapuram
Road Maintenance(Engg),Road side drains,Vijanapura
Solid Waste (Garbage) Related,Garbage transfer not as per norms & area not kept clean,Begur
Solid Waste (Garbage) Related,Complaint against SW collector/ SWM official for violation of SWM Rules,Gandhi Nagar
Solid Waste (Garbage) Related,Complaint against SW collector/ SWM official for violation of SWM Rules,Sudam Nagar
Health Dept,Spraying,Aramane Nagar
veterinary,Dog, cat Poor conditions / Breeding license validation,Kodigehalli
Solid Waste (Garbage) Related,Garbage vehicle not arrived,Marappana Palya
Forest,Removal of dead/fallen trees,Hebbal
Road Maintenance(Engg),water stagnation,Sunkenahalli
veterinary,Stray dog related complaints,Radhakrishna Temple
veterinary,Animal Rescue - Not well - Requires attention,Gali Anjaneya Swamy Temple Ward
veterinary,Dog, cat Poor conditions / Breeding license validation,Ramamurthy Nagar
Storm  Water Drain(SWD),Sewerage water left in SWD,Vignana Nagar
Storm  Water Drain(SWD),Garbage thrown in storm water drain,Jeevanbhima Nagar
Road Maintenance(Engg),Road cutting,Thanisandra
Storm  Water Drain(SWD),Garbage thrown in storm water drain,Horamavu
Storm  Water Drain(SWD),Maintenance of SWD,Benniganahalli
Forest,obstructions Branches / Trees.,Kammanahalli
Road Infrastructure,Road Infrastructure,Pulikeshi Nagar
Solid Waste (Garbage) Related,Burning of Garbage in Open Space,Thanisandra
Parks and Play grounds,Gym/Children Play equipment in the parks,Chikpete
Parks and Play grounds,Play Grounds,Nagapura
Health Dept,Increase in mosquito density,Bharathi Nagar
Health Dept,Increase in mosquito density,Someshwara
Others,Others,Hoodi
Solid Waste (Garbage) Related,Public dustbins not cleaned,Banaswadi
Revenue Department,Khata Services (Registration, Transfer, Bifurcation and Amalgamation),Jayanagar East
Storm  Water Drain(SWD),Sewerage water left in SWD,Varthur
Road Maintenance(Engg),Road cutting,Okalipuram
Road Maintenance(Engg),footpath encroachment,Pattabhiram Nagar
Road Maintenance(Engg),UnAuthorised Constructions,Basavanapura
Revenue Department,Khata Services (Registration, Transfer, Bifurcation and Amalgamation),Puttenahalli
Forest,Removal of dead/fallen trees,Lakkasandra
Solid Waste (Garbage) Related,Sweeping not done,Banashankari Temple Ward
Solid Waste (Garbage) Related,Public dustbins not cleaned,Banashankari Temple Ward
Forest,Issues related Snakes/Birds/Monkeys,Hagadooru
Advertisement,Unsafe Hoardings,Jaraganahalli
Solid Waste (Garbage) Related,Garbage transfer not as per norms & area not kept clean,Attiguppe
Parks and Play grounds,Issues Related to Parks/Medians/Circles/Island.,Yelahanka old Satellite Town
Electrical,Requirement For New Street Lights,Hampi Nagar
Health Dept,Unhygienic premises in Hotel etc,Puttenahalli
Solid Waste (Garbage) Related,Dead animal(s),Chamrajpet
veterinary,Stray/Rabid dog bite,K.R.Puram
Solid Waste (Garbage) Related,Garbage transfer not as per norms & area not kept clean,Chikpete
Road Maintenance(Engg),footpath encroachment,Giri Nagar
Lakes,Lake not maintained properly,Bellandur
Road Maintenance(Engg),Road side drains,Siddapura
Sanitation,Public toilet(s) blockage,Jogupalya
Parks and Play grounds,Issues Related to Parks/Medians/Circles/Island.,Radhakrishna Temple
veterinary,Anti Rabies Vaccination of stray dogs,Byatarayanapura
Forest,Removal of dead/fallen trees,Ramaswamy Palya
Road Maintenance(Engg),Debris Removal / Construction Material,Aramane Nagar
Solid Waste (Garbage) Related,Garbage nuisance while transporting,Malleshwaram
Forest,Issues related Snakes/Birds/Monkeys,Basavanagudi
Solid Waste (Garbage) Related,Sweeping not done,Nandini Layout
Road Maintenance(Engg),Road cutting,Sanjay Nagar
veterinary,Fatally injured - Needs immediate attention,Karisandra
Solid Waste (Garbage) Related,Garbage dumping in vacant sites,Nandini Layout
Solid Waste (Garbage) Related,Dead animal(s),HBR Layout
Others,Others,Ulsoor
veterinary,Aged street dogs please take action,Byatarayanapura
veterinary,Feeder Harassment  by Individual / Mob but no association,Vignana Nagar
Water Crisis,Water related issue,Arakere
Road Maintenance(Engg),Road cutting,Newthippasandra
veterinary,Collect the food available to feed dogs,Bellandur
Solid Waste (Garbage) Related,Garbage vehicle not arrived,Aramane Nagar
Health Dept,Air/Noise pollution,Vidyapeetha
veterinary,Animal Rescue - Not well - Requires attention,Bilekahalli
veterinary,Animal Rescue - Not well - Requires attention,Varthur
Traffic Engineer Cell (TEC),TEC,Hagadooru
veterinary,Anti Rabies Vaccination of stray dogs,Singasandra
Health Dept,Indira Canteen,Domlur
Road Maintenance(Engg),water leakage on road,Singasandra
Revenue Department,Khata Services (Registration, Transfer, Bifurcation and Amalgamation),Hegganahalli
Forest,Removal of dead/fallen trees,Jogupalya
Storm  Water Drain(SWD),Garbage thrown in storm water drain,Chamrajpet
veterinary,Stray dog related complaints,Yelahanka old Satellite Town
Health Dept,Increase in mosquito density,Okalipuram
Parks and Play grounds,Environmental protection,Anjanapur
Revenue Department,Khata Services (Registration, Transfer, Bifurcation and Amalgamation),Hemmigepura
Solid Waste (Garbage) Related,Garbage vehicle not arrived,Hebbal
Road Maintenance(Engg),Footpath,Bilekahalli
Road Maintenance(Engg),Potholes,Marappana Palya
Road Maintenance(Engg),water stagnation,Puttenahalli
veterinary,Fatally injured - Needs immediate attention,Okalipuram
Forest,obstructions Branches / Trees.,Jalahalli
veterinary,Stray pig related complaints,Bellandur
Sanitation,Urination in Public/Open Defecation,Maruthi Seva Nagar
Electrical,Requirement For New Street Lights,Benniganahalli
Solid Waste (Garbage) Related,Public dustbins not cleaned,Ramamurthy Nagar
veterinary,Stray cattle related complaints,Dharmarayaswamy Temple Ward
Health Dept,Increase in mosquito density,Sanjay Nagar
Road Maintenance(Engg),Road side drains,Jalahalli
Lakes,Lake not maintained properly,Singasandra
Health Dept,Spraying,Konanakunte
Road Maintenance(Engg),Road side drains,Gali Anjaneya Swamy Temple Ward
veterinary,Animal birth control/neutering of stray dogs,Hegganahalli
Health Dept,Dengue positive,Hampi Nagar
Parks and Play grounds,Issues Related to Parks/Medians/Circles/Island.,Kumaraswamy Layout
Health Dept,Dengue positive,Kamakshipalya
Solid Waste (Garbage) Related,Complaint against SW collector/ SWM official for violation of SWM Rules,Begur
veterinary,Stray/Rabid dog bite,Hegganahalli
Health Dept,Spraying,Kavalbyrasandra
Health Dept,Dengue positive,Herohalli
Health Dept,Dengue positive,Yelahanka old Satellite Town
Health Dept,Dengue positive,Agrahara Dasarahalli
Health Dept,Dengue positive,Shanthala Nagar
Road Maintenance(Engg),Potholes,Vidyaranyapura
Electrical,Earthing Issue relate to Electric Poles/Panel Boards,Hagadooru
veterinary,Stray/Rabid dog bite,Sunkenahalli
Road Maintenance(Engg),Overhanging cables,Bilekahalli
Solid Waste (Garbage) Related,Dead animal(s),Someshwara
veterinary,Stray dog related complaints,Kavalbyrasandra
Markets,Encroachment,Begur
Road Maintenance(Engg),Potholes,Anjanapur
veterinary,Anti Rabies Vaccination of stray dogs,Kengeri
Solid Waste (Garbage) Related,Garbage vehicle not arrived,Rajaji Nagar
veterinary,Animal birth control/neutering of stray dogs,Kuvempu Nagar
Storm  Water Drain(SWD),Maintenance of SWD,Jeevanbhima Nagar
veterinary,Stray/Rabid dog bite,Jayangar
Forest,Issues related Snakes/Birds/Monkeys,Anjanapur
Town Planning,UnAuthorised Building Constructions,Ullalu
Road Maintenance(Engg),Road cutting,Arakere
veterinary,Anti Rabies Vaccination of stray dogs,Pulikeshi Nagar
Solid Waste (Garbage) Related,Garbage vehicle not arrived,Lakkasandra
Parks and Play grounds,Issues Related to Parks/Medians/Circles/Island.,Koramangala
Road Infrastructure,Road Infrastructure,Ejipura
Solid Waste (Garbage) Related,Garbage transfer not as per norms & area not kept clean,Ejipura
Solid Waste (Garbage) Related,Sweeping not done,Kodigehalli
Estate,Violation of rules by property Leasers,Bellandur
Electrical,Park Lights Not Working,Prakash Nagar
Storm  Water Drain(SWD),Maintenance of SWD,Kushal Nagar
veterinary,Stray dog related complaints,Chokkasandra
veterinary,Stray dog related complaints,Vasanthapura
Forest,Issues related Snakes/Birds/Monkeys,Binnipet
Parks and Play grounds,Issues Related to Parks/Medians/Circles/Island.,Hosahalli
Road Maintenance(Engg),Road side drains,Devarajeevanahalli
Forest,Issues related Snakes/Birds/Monkeys,Newthippasandra
veterinary,shifting of the street dogs to other places,Hemmigepura
veterinary,shifting of the street dogs to other places,Chokkasandra
Parks and Play grounds,Issues Related to Parks/Medians/Circles/Island.,Chamrajpet
Health Dept,Delay in issue of Trade licence,Bellandur
Road Maintenance(Engg),footpath encroachment,Vignana Nagar
Road Maintenance(Engg),water leakage on road,Jakkur
Solid Waste (Garbage) Related,Complaint against SW collector/ SWM official for violation of SWM Rules,Dayananda Nagar
Solid Waste (Garbage) Related,Sweeping not done,Sanjay Nagar
veterinary,Stray/Rabid dog bite,Rajarajeshwari Nagar
Road Maintenance(Engg),Footpath,Yelahanka old Satellite Town
Solid Waste (Garbage) Related,Garbage dumping in vacant sites,Binnipet
Road Maintenance(Engg),Potholes,Kodigehalli
Solid Waste (Garbage) Related,Garbage nuisance while transporting,Bommanahalli
Health Dept,Increase in mosquito density,Jakkur
Solid Waste (Garbage) Related,Burning of Garbage in Open Space,Sampangiram Nagar
Call Center,others,Katriguppe
Forest,Issues related Snakes/Birds/Monkeys,Kodigehalli
Electrical,Park Lights Not Working,Ullalu
Forest,Removal of dead/fallen trees,Jnanabharathi Ward
Road Maintenance(Engg),footpath encroachment,Bagalagunte
Road Maintenance(Engg),Footpath,Byrasandra
Solid Waste (Garbage) Related,Dead animal(s),Vannarpet
Parks and Play grounds,Issues Related to Parks/Medians/Circles/Island.,Begur
Health Dept,Unhygienic premises in Hotel etc,Kavalbyrasandra
E khata / Khata services,ekhata approval pending with ARO,Horamavu
Others,Others,T-Dasarahalli
veterinary,Fatally injured - Needs immediate attention,Ullalu
veterinary,Animal Rescue - Not well - Requires attention,Shanthala Nagar
veterinary,Stray dog related complaints,Attiguppe
Health Dept,Spraying,Gayathri Nagar
veterinary,Anti Rabies Vaccination of stray dogs,C.V.Raman Nagar
veterinary,Pet dog licence,Okalipuram
Advertisement,Flex and banners,Hemmigepura
Electrical,Requirement For New Street Lights,Sagayapuram
Electrical,Park Lights Not Working,Rajarajeshwari Nagar
veterinary,Anti Rabies Vaccination of stray dogs,Mangammanapalya
Town Planning,Construction not done as per approved plan (Building Bye Law Violations),Puttenahalli
Electrical,Requirement For New Street Lights,Nagapura
Road Maintenance(Engg),water stagnation,Kuvempu Nagar
Road Maintenance(Engg),Road side drains,Rajamahal
E khata / Khata services,new Khata / Ekhata registration / creation,Singasandra
Town Planning,Construction not done as per approved plan (Building Bye Law Violations),Maruthi Seva Nagar
E khata / Khata services,Ekhata Other corrections,Konena Agrahara
Health Dept,Spraying,Hemmigepura
Road Maintenance(Engg),Debris Removal / Construction Material,H.M.T
Solid Waste (Garbage) Related,Garbage transfer not as per norms & area not kept clean,Banaswadi
Solid Waste (Garbage) Related,Sweeping not done,Subedarapalya
veterinary,Anti Rabies Vaccination of stray dogs,Herohalli
E khata / Khata services,Other Khata / ekhata issues,HBR Layout
veterinary,Animal birth control/neutering of stray dogs,A.Narayanapura
veterinary,Stray dog related complaints,Basavanagudi
Indira Canteen,Food Quality,Jayangar
Others,Others,Gangenahalli
Road Maintenance(Engg),UnAuthorised Constructions,Uttarahalli
veterinary,Fatally injured - Needs immediate attention,Yeshwanthpur
Solid Waste (Garbage) Related,Segregation of waste is not done,Konena Agrahara
Solid Waste (Garbage) Related,Garbage vehicle not arrived,Koramangala
Road Maintenance(Engg),Debris Removal / Construction Material,Ejipura
Solid Waste (Garbage) Related,Sweeping not done,Pattabhiram Nagar
Solid Waste (Garbage) Related,Garbage dump,Lakshmidevi Nagar
veterinary,Mutton/Chicken/fish stall Unhygienic maintenance,HAL Airport
Solid Waste (Garbage) Related,Garbage transfer not as per norms & area not kept clean,Bagalagunte
E khata / Khata services,Technical Issue In Ekhata,Chikpete
Solid Waste (Garbage) Related,Garbage nuisance while transporting,Gottigere
Advertisement,Flex and banners,Gandhi Nagar
Health Dept,Zonal Violation of the Building,Ramamurthy Nagar
Road Maintenance(Engg),UnAuthorised Constructions,Sunkenahalli
Parks and Play grounds,Issues Related to Parks/Medians/Circles/Island.,Ganeshmandira Ward
Health Dept,Fogging,Arakere
Health Dept,Unhygienic premises in Hotel etc,Singasandra
Road Maintenance(Engg),water stagnation,Dharmarayaswamy Temple Ward
Solid Waste (Garbage) Related,Burning of Garbage in Open Space,Hoodi
Solid Waste (Garbage) Related,Public dustbins not cleaned,Aramane Nagar
Parks and Play grounds,Gym/Children Play equipment in the parks,BTM Layout
Road Maintenance(Engg),Road side drains,Vidyapeetha
Lakes,Lake not maintained properly,Uttarahalli
Electrical,Open Electrical Junction Box,HSR Layout
Lakes,Lake not maintained properly,Hemmigepura
Road Maintenance(Engg),Potholes,Vannarpet
Forest,obstructions Branches / Trees.,Domlur
Parks and Play grounds,Environmental protection,Uttarahalli
Town Planning,Construction not done as per approved plan (Building Bye Law Violations),Jeevanbhima Nagar
Solid Waste (Garbage) Related,Garbage dumping in vacant sites,Ramamurthy Nagar
Solid Waste (Garbage) Related,Garbage transfer not as per norms & area not kept clean,Jakkur
Solid Waste (Garbage) Related,Dead animal(s),Peenya Industrial Area
Forest,obstructions Branches / Trees.,Shakthiganapathi Nagar
Solid Waste (Garbage) Related,Dead animal(s),Maruthi Seva Nagar
Solid Waste (Garbage) Related,Garbage transfer not as per norms & area not kept clean,Sarakki
Electrical,Earthing Issue relate to Electric Poles/Panel Boards,Uttarahalli
Parks and Play grounds,Issues Related to Parks/Medians/Circles/Island.,Bilekahalli
E khata / Khata services,Other Khata / ekhata issues,Byrasandra
Electrical,Requirement For New Street Lights,Kuvempu Nagar
Road Maintenance(Engg),Footpath,Sarvagna Nagar
Electrical,Street Lights Switched On During Day Time,Basavanapura
Solid Waste (Garbage) Related,Garbage nuisance while transporting,Horamavu
Lakes,Sewage inflow to lake,Ullalu
Electrical,Street Lights Switched On During Day Time,Sarakki
Road Maintenance(Engg),UnAuthorised Constructions,Sanjay Nagar
Road Maintenance(Engg),Debris Removal / Construction Material,Jaraganahalli
veterinary,Fatally injured - Needs immediate attention,Gandhi Nagar
Solid Waste (Garbage) Related,Sweeping not done,Nagapura
Forest,Removal of dead/fallen trees,Prakash Nagar
Solid Waste (Garbage) Related,Sweeping not done,Kengeri
Solid Waste (Garbage) Related,Burning of Garbage in Open Space,Jakkur
veterinary,Mutton/Chicken/fish stall Unhygienic maintenance,Hemmigepura
Solid Waste (Garbage) Related,Garbage nuisance while transporting,Chokkasandra
Road Maintenance(Engg),Debris Removal / Construction Material,Madiwala
Road Maintenance(Engg),Debris Removal / Construction Material,Deepanjali Nagar
Health Dept,Unhygienic premises in Hotel etc,Uttarahalli
Solid Waste (Garbage) Related,Dead animal(s),Konanakunte
Road Maintenance(Engg),Debris Removal / Construction Material,Kadugodi
Revenue Department,Khata Services (Registration, Transfer, Bifurcation and Amalgamation),Ganeshmandira Ward
veterinary,Animal Rescue - Not well - Requires attention,Yeshwanthpur
Solid Waste (Garbage) Related,Garbage dumping in vacant sites,Kottigepalya
Forest,Issues related Snakes/Birds/Monkeys,Dodda Bidarkallu
Forest,obstructions Branches / Trees.,A.Narayanapura
Road Maintenance(Engg),Potholes,Bagalagunte
veterinary,Stray dog related complaints,Hoysala Nagar
veterinary,shifting of the street dogs to other places,Govindraja Nagara
Solid Waste (Garbage) Related,Garbage transfer not as per norms & area not kept clean,Nagapura
Road Maintenance(Engg),water stagnation,Shettyhalli
Solid Waste (Garbage) Related,Segregation of waste is not done,Bellandur
Forest,Removal of dead/fallen trees,Konanakunte
veterinary,Stray dog related complaints,Padmanabha Nagar
Health Dept,Fogging,Benniganahalli
veterinary,Animal Cruelty/Ill-Treated / Abused,Kavalbyrasandra
Health Dept,Increase in mosquito density,Lakkasandra
Parks and Play grounds,Issues Related to Parks/Medians/Circles/Island.,Banashankari Temple Ward
Parks and Play grounds,Environmental protection,Jayanagar East
Electrical,Park Lights Not Working,Mathikere
Road Maintenance(Engg),Potholes,Ganeshmandira Ward
Solid Waste (Garbage) Related,Sweeping not done,Kammanahalli
Health Dept,Spraying,Sri Nagar
Road Maintenance(Engg),Potholes,Mallasandra
Solid Waste (Garbage) Related,Garbage vehicle not arrived,Chalavadipalya
Road Maintenance(Engg),Footpath,Vidyaranyapura
Road Maintenance(Engg),UnAuthorised Constructions,Ulsoor
Electrical,Park Lights Not Working,Rajaji Nagar
Advertisement,Flex and banners,Uttarahalli
Road Maintenance(Engg),Debris Removal / Construction Material,Cottonpet
veterinary,Animal Rescue - Not well - Requires attention,A.Narayanapura
Solid Waste (Garbage) Related,Sweeping not done,Laggere
Others,Others,Govindraja Nagara
Health Dept,Air/Noise pollution,Horamavu
veterinary,Stray dog related complaints,Marappana Palya
Road Maintenance(Engg),UnAuthorised Constructions,Govindraja Nagara
Solid Waste (Garbage) Related,Sweeping not done,Devasandra
Parks and Play grounds,Gym/Children Play equipment in the parks,Doddanekkundi
Storm  Water Drain(SWD),Garbage thrown in storm water drain,Padmanabha Nagar
Storm  Water Drain(SWD),Garbage thrown in storm water drain,Hebbal
Sanitation,Urination in Public/Open Defecation,Singasandra
Solid Waste (Garbage) Related,Dead animal(s),Pattabhiram Nagar
Health Dept,Spraying,Someshwara
E khata / Khata services,Other Khata / ekhata issues,Kumaraswamy Layout
veterinary,Animal Rescue - Not well - Requires attention,Vannarpet
Others,Others,Kengeri
Revenue Department,Khata Services (Registration, Transfer, Bifurcation and Amalgamation),Dharmarayaswamy Temple Ward
veterinary,Animal Rescue - Not well - Requires attention,Kempapura Agrahara
veterinary,Animal Rescue - Not well - Requires attention,Jakkur
Health Dept,Unhygienic premises in Hotel etc,Jayangar
Road Infrastructure,Road Infrastructure,Yadiyuru
Forest,Issues related Snakes/Birds/Monkeys,Madiwala
Health Dept,Dengue positive,Nagapura
Health Dept,Dengue positive,Visvesvarapuram
E khata / Khata services,Ekhata Other corrections,Anjanapur
Road Maintenance(Engg),Road cutting,Kavalbyrasandra
Health Dept,Dengue positive,Jakkasandra
Revenue Department,Khata Services (Registration, Transfer, Bifurcation and Amalgamation),Koramangala
Health Dept,Dengue positive,Sanjay Nagar
veterinary,Animal birth control/neutering of stray dogs,C.V.Raman Nagar
Health Dept,Dengue positive,Sri Rammandira
veterinary,Animal Rescue - Not well - Requires attention,Hosahalli
E khata / Khata services,Technical Issue In Ekhata,Garudacharpalya
E khata / Khata services,ekhata approval pending with ARO,Basavanapura
Health Dept,Dengue positive,Bilekahalli
CORONA COVID19,Stockout,Byatarayanapura
Advertisement,Flex and banners,Shanthala Nagar
Health Dept,Dengue positive,Maruthi Mandira Ward
Advertisement,Flex and banners,Vannarpet
Health Dept,Dengue positive,H.M.T
Health Dept,Dengue positive,Chowdeshwari Ward
Health Dept,Dengue positive,Yadiyuru
Health Dept,Dengue positive,Kottigepalya
Health Dept,Increase in mosquito density,Hoysala Nagar
Electrical,Street Light Not Working,K.R.Market
Indira Canteen,Others,Marenahalli
veterinary,Animal Rescue - Not well - Requires attention,Sri Rammandira
Others,Others,Kacharakanahalli
E khata / Khata services,ekhata approval pending with ARO,Malleshwaram
Electrical,Street Lights Switched On During Day Time,Marenahalli
Electrical,Street Light Not Working,Moodalapalya
E khata / Khata services,Technical Issue In Ekhata,Kumaraswamy Layout
Revenue Department,Others (JC),Vidyaranyapura
Solid Waste (Garbage) Related,Dead animal(s),Pulikeshi Nagar
E khata / Khata services,new Khata / Ekhata registration / creation,Shanthala Nagar
E khata / Khata services,Other Khata / ekhata issues,Bilekahalli
Forest,obstructions Branches / Trees.,Subramanya Nagar
Road Maintenance(Engg),Road cutting,Domlur
Electrical,Park Lights Not Working,Dharmarayaswamy Temple Ward
E khata / Khata services,ekhata approval pending with ARO,Kacharakanahalli
Solid Waste (Garbage) Related,Garbage vehicle not arrived,Nayandanahalli
Forest,obstructions Branches / Trees.,Agrahara Dasarahalli
veterinary,Animal Rescue - Not well - Requires attention,Pattabhiram Nagar
Health Dept,Increase in mosquito density,HSR Layout
Parks and Play grounds,Issues Related to Parks/Medians/Circles/Island.,Gayathri Nagar
Health Dept,Air/Noise pollution,Jnanabharathi Ward
Road Maintenance(Engg),Debris Removal / Construction Material,Kuvempu Nagar
Road Maintenance(Engg),Road cutting,Ullalu
veterinary,Anti Rabies Vaccination of stray dogs,Begur
Sanitation,No water supply in public toilet(s),Ramaswamy Palya
Road Maintenance(Engg),UnAuthorised Constructions,HSR Layout
Town Planning,Construction not done as per approved plan (Building Bye Law Violations),Hebbal
Solid Waste (Garbage) Related,Garbage vehicle not arrived,Rajamahal
Solid Waste (Garbage) Related,Burning of Garbage in Open Space,Shanthala Nagar
Health Dept,Fogging,Radhakrishna Temple
E khata / Khata services,Other Khata / ekhata issues,Vignana Nagar
Road Maintenance(Engg),Debris Removal / Construction Material,Karisandra
Road Infrastructure,Road Infrastructure,Agaram
Road Maintenance(Engg),water leakage on road,Marappana Palya
Parks and Play grounds,Gym/Children Play equipment in the parks,Jnanabharathi Ward
veterinary,Stray dog related complaints,Nayandanahalli
veterinary,Animal Rescue - Not well - Requires attention,Binnipet
Solid Waste (Garbage) Related,Public dustbins not cleaned,Hampi Nagar
Electrical,Street Light Not Working,Vrushabhavati Nagar
veterinary,Stray dog related complaints,Sri Rammandira
Road Maintenance(Engg),Debris Removal / Construction Material,Banashankari Temple Ward
Road Maintenance(Engg),UnAuthorised Constructions,Rajarajeshwari Nagar
veterinary,Feeder Harassment by Association / Gated Community,Ganga Nagar
Solid Waste (Garbage) Related,Segregation of waste is not done,HBR Layout
Road Maintenance(Engg),Road cutting,Vasanthapura
Solid Waste (Garbage) Related,Dead animal(s),Vishwanathnagenahalli
Solid Waste (Garbage) Related,Garbage vehicle not arrived,Bommanahalli
E khata / Khata services,Ekhata missing in online,Basavanapura
Solid Waste (Garbage) Related,Garbage vehicle not arrived,Bharathi Nagar
veterinary,Need NGO's location and details,Ramamurthy Nagar
Electrical,Park Lights Not Working,Kottigepalya
Road Maintenance(Engg),Road side drains,Jayamahal
Others,Others,Vasanthapura
Solid Waste (Garbage) Related,Public dustbins not cleaned,Lingarajapuram
Solid Waste (Garbage) Related,Complaint against SW collector/ SWM official for violation of SWM Rules,Hoysala Nagar
Solid Waste (Garbage) Related,Segregation of waste is not done,Ullalu
E khata / Khata services,Ekhata - name correction,Kaveripura
E khata / Khata services,Khata / Ekhata mutation / transfer,Yelahanka old Satellite Town
veterinary,Pet dog licence,Basaveshwara Nagar
Storm  Water Drain(SWD),Sewerage water left in SWD,Hoysala Nagar
Solid Waste (Garbage) Related,Garbage dumping in vacant sites,Sarvagna Nagar
Electrical,Requirement For New Street Lights,Basavanapura
Electrical,Park Lights Not Working,Hanumantha Nagar
Solid Waste (Garbage) Related,Garbage vehicle not arrived,Gangenahalli
Solid Waste (Garbage) Related,Garbage transfer not as per norms & area not kept clean,Laggere
Forest,Removal of dead/fallen trees,J.P.Park
Solid Waste (Garbage) Related,Garbage nuisance while transporting,Someshwara
Electrical,Open Electrical Junction Box,Hongasandra
Road Infrastructure,Road Infrastructure,Hoysala Nagar
Solid Waste (Garbage) Related,Garbage dumping in vacant sites,Ejipura
Solid Waste (Garbage) Related,Segregation of waste is not done,BTM Layout
Road Infrastructure,Road Infrastructure,Sunkenahalli
Road Maintenance(Engg),Footpath,Bharathi Nagar
Electrical,Earthing Issue relate to Electric Poles/Panel Boards,Vidyaranyapura
Health Dept,Increase in mosquito density,Lingarajapuram
Storm  Water Drain(SWD),Sewerage water left in SWD,Singasandra
Forest,Removal of dead/fallen trees,Dharmarayaswamy Temple Ward
Electrical,Requirement For New Street Lights,Hanumantha Nagar
Health Dept,Fogging,Banaswadi
veterinary,Stray dog related complaints,Jaraganahalli
E khata / Khata services,Khata / Ekhata mutation / transfer,Jogupalya
veterinary,Animal Rescue - Not well - Requires attention,Gottigere
Road Maintenance(Engg),footpath encroachment,Bilekahalli
Solid Waste (Garbage) Related,Garbage transfer not as per norms & area not kept clean,HAL Airport
veterinary,Animal Rescue - Not well - Requires attention,Govindraja Nagara
Road Maintenance(Engg),Debris Removal / Construction Material,Pattabhiram Nagar
Call Center,others,Bagalagunte
Road Maintenance(Engg),Road side drains,Bharathi Nagar
Road Maintenance(Engg),Footpath,Marenahalli
Road Maintenance(Engg),Footpath,Gottigere
veterinary,Fatally injured - Needs immediate attention,Prakash Nagar
Solid Waste (Garbage) Related,Garbage dumping in vacant sites,Vijanapura
Indira Canteen,Food Quality,Agaram
Health Dept,Unhygienic premises in Hotel etc,Madiwala
E khata / Khata services,Technical Issue In Ekhata,HSR Layout
Town Planning,Construction not done as per approved plan (Building Bye Law Violations),Shanthala Nagar
Health Dept,Increase in mosquito density,Ramamurthy Nagar
Solid Waste (Garbage) Related,Garbage transfer not as per norms & area not kept clean,Banashankari Temple Ward
Parks and Play grounds,Issues Related to Parks/Medians/Circles/Island.,Subhash Nagar
Town Planning,UnAuthorised Building Constructions,Thanisandra
E khata / Khata services,ekhata approval pending with ARO,Aramane Nagar
Solid Waste (Garbage) Related,Complaint against SW collector/ SWM official for violation of SWM Rules,Benniganahalli
Solid Waste (Garbage) Related,Sweeping not done,Hegganahalli
Solid Waste (Garbage) Related,Public dustbins not cleaned,Byatarayanapura
Solid Waste (Garbage) Related,Dead animal(s),Basaveshwara Nagar
Solid Waste (Garbage) Related,Burning of Garbage in Open Space,Shivaji Nagar
Road Maintenance(Engg),Road cutting,Mangammanapalya
Road Maintenance(Engg),water stagnation,Bilekahalli
E khata / Khata services,Khata / Ekhata mutation / transfer,Agrahara Dasarahalli
veterinary,Stray dog related complaints,Yeshwanthpur
Road Maintenance(Engg),footpath encroachment,Pulikeshi Nagar
veterinary,Feeder Harassment by Association / Gated Community,Byatarayanapura
Road Maintenance(Engg),Road cutting,Bilekahalli
Sanitation,Public toilet(s) cleaning,Byatarayanapura
Road Maintenance(Engg),Road cutting,Madiwala
Town Planning,Noise during Building Construction,Rajamahal
E khata / Khata services,Ekhata Other corrections,T-Dasarahalli
Road Maintenance(Engg),Road cutting,Vannarpet
Road Infrastructure,Road Infrastructure,Ulsoor
Road Maintenance(Engg),Debris Removal / Construction Material,Nagarabhavi
Parks and Play grounds,Gym/Children Play equipment in the parks,Nandini Layout
Health Dept,Delay in issue of Trade licence,Koramangala
Others,Others,Jakkasandra
Electrical,Park Lights Not Working,Uttarahalli
Revenue Department,Khata Services (Registration, Transfer, Bifurcation and Amalgamation),Kuvempu Nagar
Solid Waste (Garbage) Related,Public dustbins not cleaned,Giri Nagar
Town Planning,UnAuthorised Building Constructions,Jeevanbhima Nagar
Others,Others,Sarvagna Nagar
E khata / Khata services,Ekhata missing in online,Padmanabha Nagar
veterinary,Fatally injured - Needs immediate attention,Jakkur
Health Dept,Spraying,Kumaraswamy Layout
Road Maintenance(Engg),Debris Removal / Construction Material,Dattathreya Temple
Solid Waste (Garbage) Related,Complaint against SW collector/ SWM official for violation of SWM Rules,Sudduguntepalya
veterinary,Fatally injured - Needs immediate attention,Kadugondanahalli
Road Maintenance(Engg),Footpath,Ulsoor
Road Maintenance(Engg),Footpath,Kadugondanahalli
Electrical,Earthing Issue relate to Electric Poles/Panel Boards,HBR Layout
veterinary,Pet dog licence,Dodda Bidarkallu
Others,Others,Kumaraswamy Layout
Solid Waste (Garbage) Related,Burning of Garbage in Open Space,Kavalbyrasandra
Road Maintenance(Engg),Debris Removal / Construction Material,Shanthi Nagar
veterinary,Animal birth control/neutering of stray dogs,Yelachenahalli
Forest,obstructions Branches / Trees.,Manorayanapalya
veterinary,Stray/Rabid dog bite,Ganeshmandira Ward
Health Dept,Air/Noise pollution,Agrahara Dasarahalli
Road Maintenance(Engg),Debris Removal / Construction Material,Hombegowda Nagar
Health Dept,Increase in mosquito density,Dharmarayaswamy Temple Ward
Revenue Department,Others (JC),Ramamurthy Nagar
Road Maintenance(Engg),UnAuthorised Constructions,Vidyaranyapura
Property Tax services,Property tax owner name not updated,Sunkenahalli
Electrical,Street Lights Switched On During Day Time,HSR Layout
Forest,Removal of dead/fallen trees,Hagadooru
E khata / Khata services,Technical Issue In Ekhata,HBR Layout
Road Maintenance(Engg),footpath encroachment,Someshwara
Forest,obstructions Branches / Trees.,Kempegowda Ward
Road Maintenance(Engg),Debris Removal / Construction Material,Vannarpet
Traffic Engineer Cell (TEC),TEC,Ulsoor
E khata / Khata services,Ekhata - name correction,Konena Agrahara
Solid Waste (Garbage) Related,Garbage transfer not as per norms & area not kept clean,Pattabhiram Nagar
Road Maintenance(Engg),UnAuthorised Constructions,S.K.Garden
Health Dept,Fogging,Kammanahalli
Road Maintenance(Engg),Overhanging cables,Nandini Layout
Traffic Engineer Cell (TEC),TEC,Marenahalli
Solid Waste (Garbage) Related,Garbage transfer not as per norms & area not kept clean,Sudam Nagar
Road Maintenance(Engg),UnAuthorised Constructions,Bellandur
Health Dept,Increase in mosquito density,Koramangala
Forest,Removal of dead/fallen trees,Vishwanathnagenahalli
Health Dept,Air/Noise pollution,Mangammanapalya
Parks and Play grounds,Issues Related to Parks/Medians/Circles/Island.,Attiguppe
veterinary,Pet dog licence,Rajarajeshwari Nagar
veterinary,Animal Rescue - Not well - Requires attention,Lingarajapuram
Revenue Department,Discrepancy In Khata Certificate and Khata Extract,Hoysala Nagar
veterinary,Animal Rescue - Not well - Requires attention,Hoysala Nagar
Health Dept,Non availability of vaccines,Konanakunte
Solid Waste (Garbage) Related,Garbage vehicle not arrived,Sarvagna Nagar
E khata / Khata services,Ekhata Area Correction,Ullalu
Electrical,Requirement For New Street Lights,Vasanth Nagar
Solid Waste (Garbage) Related,Garbage nuisance while transporting,Maruthi Mandira Ward
Forest,Removal of dead/fallen trees,Jagajeevanram Nagar
Revenue Department,Khata Services (Registration, Transfer, Bifurcation and Amalgamation),Marappana Palya
Solid Waste (Garbage) Related,Sweeping not done,Sri Nagar
Electrical,Street Lights Switched On During Day Time,Jeevanbhima Nagar
Solid Waste (Garbage) Related,Burning of Garbage in Open Space,Begur
E khata / Khata services,Technical Issue In Ekhata,Benniganahalli
Others,Others,Kodigehalli
veterinary,Fatally injured - Needs immediate attention,Ulsoor
veterinary,Animal birth control/neutering of stray dogs,Vidyaranyapura
veterinary,Animal Cruelty/Relocated,Kuvempu Nagar
Road Maintenance(Engg),Overhanging cables,J.P.Park
veterinary,Street dogs attacking-pet Dogs,Singasandra
Road Maintenance(Engg),Road side drains,Basavanagudi
Health Dept,Indira Canteen,Gangenahalli
Solid Waste (Garbage) Related,Garbage dumping in vacant sites,Lakkasandra
veterinary,Anti Rabies Vaccination of stray dogs,Jnanabharathi Ward
Solid Waste (Garbage) Related,Sweeping not done,Begur
Electrical,Park Lights Not Working,Jayachamarajendra Nagar
Solid Waste (Garbage) Related,Garbage dump,Basaveshwara Nagar
veterinary,Street dog Adaptation process details,Begur
veterinary,Pet dog licence,Hagadooru
veterinary,Feeder Harassment  by Individual / Mob but no association,Jnanabharathi Ward
Solid Waste (Garbage) Related,Sweeping not done,Basavanapura
veterinary,Stray cattle related complaints,Konanakunte
Town Planning,Construction not done as per approved plan (Building Bye Law Violations),Konanakunte
Advertisement,Flex and banners,Doddanekkundi
Advertisement,Flex and banners,Bagalagunte
Health Dept,Unavailability of staff,Konanakunte
Solid Waste (Garbage) Related,Sweeping not done,Pulikeshi Nagar
Health Dept,Increase in mosquito density,Byrasandra
Advertisement,Flex and banners,Shankaramata
veterinary,Animal birth control/neutering of stray dogs,Basavanapura
Estate,Encroachment,Hemmigepura
Indira Canteen,Food Quality,HBR Layout
Health Dept,Fogging,Hagadooru
Health Dept,Fogging,Rajarajeshwari Nagar
Parks and Play grounds,Play Grounds,Nagavara
veterinary,Stray dog related complaints,Hanumantha Nagar
Road Maintenance(Engg),Road cutting,Manorayanapalya
Others,Others,Shivaji Nagar
Electrical,Park Lights Not Working,Doddabommasandra
Electrical,Street Light Not Working,Nayandanahalli
veterinary,Animal Rescue - Not well - Requires attention,Jeevanbhima Nagar
Advertisement,Flex and banners,Kacharakanahalli
Forest,Removal of dead/fallen trees,Jalahalli
veterinary,Stray dog related complaints,Vishwanathnagenahalli
veterinary,Animal Rescue - Not well - Requires attention,Ulsoor
E khata / Khata services,ekhata approval pending with ARO,HSR Layout
Solid Waste (Garbage) Related,Dead animal(s),Siddapura
Storm  Water Drain(SWD),Garbage thrown in storm water drain,Vignana Nagar
Road Maintenance(Engg),Debris Removal / Construction Material,Bharathi Nagar
Road Maintenance(Engg),Road side drains,Kammanahalli
Solid Waste (Garbage) Related,Burning of Garbage in Open Space,Singasandra
Road Infrastructure,Road Infrastructure,C.V.Raman Nagar
E khata / Khata services,Ekhata missing in online,Jeevanbhima Nagar
Electrical,Requirement For New Street Lights,Jayanagar East
Revenue Department,Khata Services (Registration, Transfer, Bifurcation and Amalgamation),Singasandra
Forest,obstructions Branches / Trees.,Mahalakshmipuram
E khata / Khata services,Technical Issue In Ekhata,Shettyhalli
Road Maintenance(Engg),Road side drains,J.P.Park
Others,Others,Jayamahal
Health Dept,Dengue positive,Hosahalli
Parks and Play grounds,Issues Related to Parks/Medians/Circles/Island.,Hanumantha Nagar
E khata / Khata services,ekhata approval pending with ARO,Dayananda Nagar
Parks and Play grounds,Issues Related to Parks/Medians/Circles/Island.,Basavanagudi
Forest,Issues related Snakes/Birds/Monkeys,J.P.Nagar
Revenue Department,Unable to Generate the receipt after property tax payment.,Katriguppe
E khata / Khata services,Ekhata - name correction,Singasandra
veterinary,Fatally injured - Needs immediate attention,Visvesvarapuram
veterinary,Mutton/Chicken/fish stall Unhygienic maintenance,Shanthala Nagar
Road Maintenance(Engg),Debris Removal / Construction Material,Rajagopala Nagar
Road Maintenance(Engg),UnAuthorised Constructions,Peenya Industrial Area
veterinary,Animal died post surgery,Chikpete
Parks and Play grounds,Issues Related to Parks/Medians/Circles/Island.,Maruthi Seva Nagar
Road Maintenance(Engg),Debris Removal / Construction Material,Marappana Palya
veterinary,Animal birth control/neutering of stray dogs,Chikpete
Revenue Department,Discrepancy In Khata Certificate and Khata Extract,Sanjay Nagar
Health Dept,Fogging,HSR Layout
BBMP Election Branch,Electoral Roll Objections,Newthippasandra
Health Dept,Increase in mosquito density,Malleshwaram
Property Tax services,Property tax owner name not updated,Marathalli
Electrical,Open Electrical Junction Box,Chikpete
Road Maintenance(Engg),Debris Removal / Construction Material,Hemmigepura
Solid Waste (Garbage) Related,Dead animal(s),Kushal Nagar
Parks and Play grounds,Issues Related to Parks/Medians/Circles/Island.,Peenya Industrial Area
veterinary,Animal Rescue - Not well - Requires attention,Bommanahalli
veterinary,Fatally injured - Needs immediate attention,Bommanahalli
Health Dept,Spraying,Kamakshipalya
Forest,obstructions Branches / Trees.,Hoysala Nagar
E khata / Khata services,Ekhata missing in online,Hemmigepura
Solid Waste (Garbage) Related,Sweeping not done,Hanumantha Nagar
Road Maintenance(Engg),footpath encroachment,Mahalakshmipuram
Solid Waste (Garbage) Related,Burning of Garbage in Open Space,Shankaramata
Road Maintenance(Engg),Potholes,Sarakki
E khata / Khata services,Ekhata missing in online,Laggere
Solid Waste (Garbage) Related,Complaint against SW collector/ SWM official for violation of SWM Rules,Vijanapura
Advertisement,Flex and banners,Begur
Storm  Water Drain(SWD),Maintenance of SWD,Hebbal
Solid Waste (Garbage) Related,Sweeping not done,Chikpete
E khata / Khata services,ekhata approval pending with ARO,Azad Nagar
Health Dept,Increase in mosquito density,Bilekahalli
Solid Waste (Garbage) Related,Public dustbins not cleaned,Doddabommasandra
Revenue Department,Discrepancy In Khata Certificate and Khata Extract,Vidyaranyapura
veterinary,Fatally injured - Needs immediate attention,Gurappanapalya
Solid Waste (Garbage) Related,Garbage vehicle not arrived,Shivaji Nagar
Solid Waste (Garbage) Related,Garbage nuisance while transporting,Sampangiram Nagar
Road Maintenance(Engg),Road side drains,C.V.Raman Nagar
Road Maintenance(Engg),Debris Removal / Construction Material,Rajarajeshwari Nagar
Road Maintenance(Engg),Debris Removal / Construction Material,Kengeri
Solid Waste (Garbage) Related,Public dustbins not cleaned,Jakkasandra
Road Maintenance(Engg),water stagnation,Pattabhiram Nagar
Health Dept,Increase in mosquito density,Shettyhalli
Road Maintenance(Engg),Debris Removal / Construction Material,Kushal Nagar
Road Maintenance(Engg),footpath encroachment,Arakere
Parks and Play grounds,Issues Related to Parks/Medians/Circles/Island.,Rajarajeshwari Nagar
E khata / Khata services,Ekhata Other corrections,Horamavu
Forest,obstructions Branches / Trees.,Hoodi
Road Maintenance(Engg),Debris Removal / Construction Material,Maruthi Seva Nagar
Health Dept,Spraying,Bilekahalli
veterinary,Feeder Harassment  by Individual / Mob but no association,Varthur
Solid Waste (Garbage) Related,Garbage transfer not as per norms & area not kept clean,Gottigere
E khata / Khata services,Ekhata Other corrections,Hoysala Nagar
Electrical,Open Electrical Junction Box,Rajaji Nagar
Electrical,Requirement For New Street Lights,Sri Nagar
veterinary,Mutton/Chicken/fish stall Unhygienic maintenance,Kottigepalya
Others,Others,Thanisandra
veterinary,Stray/Rabid dog bite,Singasandra
Road Maintenance(Engg),UnAuthorised Constructions,Begur
veterinary,Animal Cruelty/Ill-Treated / Abused,Kengeri
Forest,obstructions Branches / Trees.,Doddabommasandra
Solid Waste (Garbage) Related,Dead animal(s),Manorayanapalya
Others,Others,Gandhi Nagar
Solid Waste (Garbage) Related,Dead animal(s),Moodalapalya
Storm  Water Drain(SWD),Maintenance of SWD,Shivaji Nagar
Road Maintenance(Engg),Potholes,Nagapura
Revenue Department,Discrepancy In Khata Certificate and Khata Extract,Varthur
Solid Waste (Garbage) Related,Sweeping not done,Sarakki
Road Maintenance(Engg),Debris Removal / Construction Material,Nagapura
Forest,Removal of dead/fallen trees,Maruthi Seva Nagar
Health Dept,Spraying,Rajarajeshwari Nagar
veterinary,Animal Rescue - Not well - Requires attention,Basaveshwara Nagar
Town Planning,Noise during Building Construction,Bagalagunte
Road Maintenance(Engg),footpath encroachment,Jakkur
Others,Others,Basavanapura
Parks and Play grounds,Play Grounds,Vannarpet
Health Dept,Unhygienic premises in Hotel etc,Bilekahalli
veterinary,Stray/Rabid dog bite,Uttarahalli
Others,Others,Ganeshmandira Ward
Storm  Water Drain(SWD),Garbage thrown in storm water drain,BTM Layout
veterinary,Stray dog related complaints,Bommanahalli
Road Maintenance(Engg),Debris Removal / Construction Material,Ullalu
Solid Waste (Garbage) Related,Dead animal(s),Basavanapura
Solid Waste (Garbage) Related,Complaint against SW collector/ SWM official for violation of SWM Rules,Katriguppe
Road Maintenance(Engg),Footpath,Bommanahalli
Revenue Department,Discrepancy In Khata Certificate and Khata Extract,K.R.Puram
Health Dept,Increase in mosquito density,Kavalbyrasandra
Electrical,Park Lights Not Working,Doddanekkundi
Solid Waste (Garbage) Related,Sweeping not done,Sunkenahalli
Road Infrastructure,Road Infrastructure,Kottigepalya
Road Maintenance(Engg),water leakage on road,HAL Airport
veterinary,Stray dog related complaints,Mathikere
Electrical,Earthing Issue relate to Electric Poles/Panel Boards,Madiwala
Health Dept,Increase in mosquito density,Puttenahalli
veterinary,Stray dog related complaints,C.V.Raman Nagar
veterinary,Stray dog related complaints,Bilekahalli
veterinary,Stray dog related complaints,Hombegowda Nagar
Road Maintenance(Engg),Road side drains,Lakkasandra
Road Maintenance(Engg),footpath encroachment,Marappana Palya
Property Tax services,Unable to generate receipt after property tax payment,Byrasandra
Solid Waste (Garbage) Related,Dead animal(s),Chikpete
Road Maintenance(Engg),Road side drains,K.R.Market
Road Maintenance(Engg),water leakage on road,Varthur
Lakes,Sewage inflow to lake,Jakkur
Forest,obstructions Branches / Trees.,Subhash Nagar
veterinary,Stray cattle related complaints,Basavanagudi
Road Maintenance(Engg),Potholes,Shakthiganapathi Nagar
Road Maintenance(Engg),Road side drains,Gurappanapalya
E khata / Khata services,Ekhata - name correction,Thanisandra
Road Maintenance(Engg),Debris Removal / Construction Material,Nandini Layout
Estate,Encroachment,Ramamurthy Nagar
Solid Waste (Garbage) Related,Sweeping not done,Mathikere
Revenue Department,Discrepancy In Khata Certificate and Khata Extract,Doddanekkundi
E khata / Khata services,Ekhata - name correction,T-Dasarahalli
Road Maintenance(Engg),water leakage on road,HSR Layout
Forest,obstructions Branches / Trees.,Yeshwanthpur
Town Planning,UnAuthorised Building Constructions,Puttenahalli
Road Maintenance(Engg),Potholes,Padmanabha Nagar
Health Dept,Increase in mosquito density,Ullalu
Revenue Department,Khata Services (Registration, Transfer, Bifurcation and Amalgamation),K.R.Puram
Health Dept,Fogging,Horamavu
Others,Others,Shettyhalli
E khata / Khata services,Other Khata / ekhata issues,Jnanabharathi Ward
veterinary,Pet dog licence,Shanthala Nagar
Revenue Department,Others (JC),Hemmigepura
Forest,obstructions Branches / Trees.,Maruthi Seva Nagar
Road Maintenance(Engg),water leakage on road,Begur
Electrical,Earthing Issue relate to Electric Poles/Panel Boards,Jakkur
Estate,BBMP  Properties Lease issues,Gottigere
Road Maintenance(Engg),footpath encroachment,Devasandra
E khata / Khata services,ekhata approval pending with ARO,Byatarayanapura
veterinary,Anti Rabies Vaccination of stray dogs,Deepanjali Nagar
veterinary,Animal birth control/neutering of stray dogs,Bommanahalli
veterinary,Stray cattle related complaints,Bellandur
E khata / Khata services,Khata / Ekhata mutation / transfer,Shiva Nagar
veterinary,Anti Rabies Vaccination of stray dogs,Sanjay Nagar
Road Maintenance(Engg),footpath encroachment,Mallasandra
Solid Waste (Garbage) Related,Complaint against SW collector/ SWM official for violation of SWM Rules,Jayangar
Road Infrastructure,Road Infrastructure,HAL Airport
veterinary,Stray/Rabid dog bite,Kadugodi
Sanitation,Urination in Public/Open Defecation,Mahalakshmipuram
Road Maintenance(Engg),Footpath,Rajarajeshwari Nagar
veterinary,Animal birth control/neutering of stray dogs,Puttenahalli
Property Tax services,Other property tax issues,Kengeri
veterinary,Animal Rescue - Not well - Requires attention,Jayangar
Electrical,Requirement For New Street Lights,Pulikeshi Nagar
Solid Waste (Garbage) Related,Public dustbins not cleaned,Kottigepalya
Revenue Department,Khata Services (Registration, Transfer, Bifurcation and Amalgamation),Basavanapura
Road Maintenance(Engg),Road side drains,Shankaramata
Town Planning,Construction not done as per approved plan (Building Bye Law Violations),Nagavara
Property Tax services,Property tax owner name not updated,Domlur
Property Tax services,Property tax owner name not updated,Sarvagna Nagar
Forest,Removal of dead/fallen trees,HAL Airport
Advertisement,Flex and banners,Kottigepalya
Parks and Play grounds,Issues Related to Parks/Medians/Circles/Island.,Vasanth Nagar
Solid Waste (Garbage) Related,Garbage vehicle not arrived,Vasanth Nagar
Road Maintenance(Engg),Footpath,Sunkenahalli
Electrical,Street Lights Switched On During Day Time,Giri Nagar
E khata / Khata services,Ekhata Other corrections,Benniganahalli
Health Dept,Unhygienic premises in Hotel etc,Subramanya Nagar
Health Dept,Unhygienic premises in Hotel etc,Adugodi
veterinary,Anti Rabies Vaccination of stray dogs,Padmanabha Nagar
Others,Others,Varthur
Electrical,Park Lights Not Working,Jayangar
Solid Waste (Garbage) Related,Dead animal(s),Jeevanbhima Nagar
CORONA COVID19,Overcharging,Byatarayanapura
veterinary,Animal birth control/neutering of stray dogs,Herohalli
Others,Others,Kadugondanahalli
veterinary,Animal Rescue - Not well - Requires attention,Padmanabha Nagar
Sanitation,Urination in Public/Open Defecation,Sarakki
veterinary,Dog bite pet dog,Ramamurthy Nagar
Solid Waste (Garbage) Related,Sweeping not done,Ganga Nagar
Solid Waste (Garbage) Related,Dead animal(s),Devasandra
Road Infrastructure,Road Infrastructure,Rajagopala Nagar
Road Maintenance(Engg),water stagnation,Kengeri
E khata / Khata services,Khata / Ekhata mutation / transfer,Rajarajeshwari Nagar
Currently this property available in Revenue Officer(ro_rrn_bbmp) forward list.,S SURESH/ARO,,
veterinary,Animal Cruelty/Ill-Treated / Abused,Newthippasandra
Solid Waste (Garbage) Related,Public dustbins not cleaned,Vishwanathnagenahalli
Advertisement,Flex and banners,Yadiyuru
Road Maintenance(Engg),Footpath,Mathikere
Solid Waste (Garbage) Related,Garbage vehicle not arrived,Dharmarayaswamy Temple Ward
veterinary,Animal birth control/neutering of stray dogs,Vasanthapura
Solid Waste (Garbage) Related,Garbage transfer not as per norms & area not kept clean,Dodda Bidarkallu
Forest,Removal of dead/fallen trees,Nagapura
Solid Waste (Garbage) Related,Burning of Garbage in Open Space,Chikkalasandra
Road Maintenance(Engg),Potholes,J.P.Park
Solid Waste (Garbage) Related,Complaint against SW collector/ SWM official for violation of SWM Rules,Bellandur
Electrical,Earthing Issue relate to Electric Poles/Panel Boards,Konanakunte
Parks and Play grounds,Environmental protection,Singasandra
Projects Central,Road furnitures,BTM Layout
Road Maintenance(Engg),Overhanging cables,Jeevanbhima Nagar
veterinary,Fatally injured - Needs immediate attention,Lakshmidevi Nagar
Solid Waste (Garbage) Related,Sweeping not done,Agrahara Dasarahalli
Solid Waste (Garbage) Related,Public dustbins not cleaned,Kushal Nagar
Road Maintenance(Engg),Footpath,Jnanabharathi Ward
veterinary,Stray dog related complaints,Newthippasandra
Solid Waste (Garbage) Related,Sweeping not done,Vijay Nagar
Solid Waste (Garbage) Related,Garbage vehicle not arrived,H.M.T
veterinary,Animal Rescue - Not well - Requires attention,K.R.Market
Road Maintenance(Engg),Footpath,J.P.Park
Lakes,Sewage inflow to lake,Doddanekkundi
Road Maintenance(Engg),UnAuthorised Constructions,Basavanagudi
Solid Waste (Garbage) Related,Garbage transfer not as per norms & area not kept clean,Konanakunte
veterinary,Stray pig related complaints,Singasandra
Road Maintenance(Engg),water leakage on road,Bilekahalli
Others,Others,Muneshwara Nagar
Solid Waste (Garbage) Related,Burning of Garbage in Open Space,Visvesvarapuram
Road Maintenance(Engg),footpath encroachment,J.P.Park
Health Dept,Fogging,Kavalbyrasandra
Solid Waste (Garbage) Related,Segregation of waste is not done,Ganga Nagar
Health Dept,Increase in mosquito density,Jeevanbhima Nagar
Others,Others,Herohalli
Solid Waste (Garbage) Related,Sweeping not done,Shivaji Nagar
Road Maintenance(Engg),water leakage on road,Vasanthapura
veterinary,Request for ARV,Gottigere
Road Maintenance(Engg),footpath encroachment,Vasanthapura
Others,Others,Marenahalli
veterinary,Mutton/Chicken/fish stall Unhygienic maintenance,Banaswadi
Road Maintenance(Engg),footpath encroachment,Kammanahalli
veterinary,shifting of the street dogs to other places,Shakambari Nagar
Solid Waste (Garbage) Related,Garbage vehicle not arrived,Hosahalli
Solid Waste (Garbage) Related,Burning of Garbage in Open Space,Hombegowda Nagar
veterinary,Stray/Rabid dog bite,Hombegowda Nagar
Road Maintenance(Engg),Potholes,Banashankari Temple Ward
Health Dept,Spraying,Rayapuram
Others,Others,Hosahalli
Electrical,Requirement For New Street Lights,Ullalu
Road Maintenance(Engg),Debris Removal / Construction Material,Maruthi Mandira Ward
Indira Canteen,Food Quality,Attiguppe
Road Maintenance(Engg),Road side drains,Mallasandra
Solid Waste (Garbage) Related,Burning of Garbage in Open Space,Karisandra
veterinary,Street dogs attacking-pet Dogs,Yeshwanthpur
veterinary,Stray dog related complaints,Koramangala
veterinary,Stray cattle related complaints,Pulikeshi Nagar
Road Maintenance(Engg),Footpath,Kempegowda Ward
Road Maintenance(Engg),water leakage on road,Kempegowda Ward
Solid Waste (Garbage) Related,Garbage dumping in vacant sites,Hebbal
Electrical,Park Lights Not Working,Ganga Nagar
Solid Waste (Garbage) Related,Garbage dumping in vacant sites,Gayathri Nagar
Road Maintenance(Engg),Debris Removal / Construction Material,T-Dasarahalli
Solid Waste (Garbage) Related,Burning of Garbage in Open Space,Ramamurthy Nagar
Forest,Removal of dead/fallen trees,Chikkalasandra
Electrical,Street Lights Switched On During Day Time,Chikpete
Parks and Play grounds,Inspection not done,Dattathreya Temple
Advertisement,Flex and banners,Kadugodi
Revenue Department,Unable to generate the property tax challan,Begur
E khata / Khata services,Khata / Ekhata mutation / transfer,Varthur
Forest,Removal of dead/fallen trees,Subhash Nagar
veterinary,Animal Rescue - Not well - Requires attention,Aramane Nagar
Advertisement,Flex and banners,Mahalakshmipuram
veterinary,Fatally injured - Needs immediate attention,Nayandanahalli
veterinary,Stray dog related complaints,Yelachenahalli
Forest,Issues related Snakes/Birds/Monkeys,Visvesvarapuram
veterinary,Animal birth control/neutering of stray dogs,Mallasandra
Parks and Play grounds,Issues Related to Parks/Medians/Circles/Island.,Gottigere
Road Maintenance(Engg),footpath encroachment,Ramaswamy Palya
Road Maintenance(Engg),Road side drains,Rajagopala Nagar
Health Dept,Dengue positive,Horamavu
Health Dept,Dengue positive,Hoysala Nagar
Health Dept,Dengue positive,Dr.Rajkumar Ward
E khata / Khata services,Other Khata / ekhata issues,Jakkur
Health Dept,Dengue positive,Pattabhiram Nagar
Town Planning,Construction not done as per approved plan (Building Bye Law Violations),Anjanapur
veterinary,Street dogs attacking-pet Dogs,Hemmigepura
Health Dept,Dengue positive,Anjanapur
Health Dept,Dengue positive,Puttenahalli
Health Dept,Zonal Violation of the Building,Shiva Nagar
Health Dept,Dengue positive,Binnipet
E khata / Khata services,Other Khata / ekhata issues,Sanjay Nagar
Road Maintenance(Engg),Potholes,Malleshwaram
Storm  Water Drain(SWD),Maintenance of SWD,Kengeri
Health Dept,Spraying,Devarajeevanahalli
Road Maintenance(Engg),Debris Removal / Construction Material,Subramanya Nagar
Road Maintenance(Engg),Road side drains,Madiwala
E khata / Khata services,Technical Issue In Ekhata,Shiva Nagar
Forest,obstructions Branches / Trees.,Jakkasandra
veterinary,Fatally injured - Needs immediate attention,Anjanapur
veterinary,Stray/Rabid dog bite,Vijay Nagar
Road Maintenance(Engg),Road side drains,Attiguppe
Revenue Department,Discrepancy In Khata Certificate and Khata Extract,Kengeri
E khata / Khata services,Ekhata missing in online,Madiwala
Solid Waste (Garbage) Related,Sweeping not done,Malleshwaram
Solid Waste (Garbage) Related,Garbage transfer not as per norms & area not kept clean,Nandini Layout
Solid Waste (Garbage) Related,Public dustbins not cleaned,Vidyapeetha
E khata / Khata services,Ekhata missing in online,Chokkasandra
Road Infrastructure,Road Infrastructure,Siddapura
Solid Waste (Garbage) Related,Garbage transfer not as per norms & area not kept clean,Marathalli
Storm  Water Drain(SWD),Maintenance of SWD,Sarakki
Road Maintenance(Engg),Debris Removal / Construction Material,Hoysala Nagar
veterinary,Fatally injured - Needs immediate attention,Gali Anjaneya Swamy Temple Ward
Electrical,Earthing Issue relate to Electric Poles/Panel Boards,Dharmarayaswamy Temple Ward
E khata / Khata services,Khata / Ekhata mutation / transfer,Uttarahalli
E khata / Khata services,Ekhata Area Correction,Aramane Nagar
Revenue Department,Khata Services (Registration, Transfer, Bifurcation and Amalgamation),Aramane Nagar
Storm  Water Drain(SWD),Sewerage water left in SWD,J.P.Park
Solid Waste (Garbage) Related,Garbage transfer not as per norms & area not kept clean,Dharmarayaswamy Temple Ward
veterinary,Stray cattle related complaints,Singasandra
E khata / Khata services,ekhata approval pending with ARO,BTM Layout
Town Planning,UnAuthorised Building Constructions,Aramane Nagar
E khata / Khata services,Ekhata Other corrections,Vasanthapura
Road Maintenance(Engg),Road side drains,Dharmarayaswamy Temple Ward
Forest,Issues related Snakes/Birds/Monkeys,Varthur
Health Dept,Zonal Violation of the Building,Maruthi Mandira Ward
Road Maintenance(Engg),Debris Removal / Construction Material,Dharmarayaswamy Temple Ward
Sanitation,Urination in Public/Open Defecation,Vasanthapura
veterinary,Request for ABC,Dodda Bidarkallu
veterinary,Fatally injured - Needs immediate attention,Sri Nagar
Road Maintenance(Engg),Road cutting,Ulsoor
veterinary,Animal birth control/neutering of stray dogs,Manorayanapalya
Lakes,Lake gates are not opened as per the prescribed timing,Aramane Nagar
Electrical,Requirement For New Street Lights,Manorayanapalya
Revenue Department,Khata Services (Registration, Transfer, Bifurcation and Amalgamation),Peenya Industrial Area
Solid Waste (Garbage) Related,Garbage dumping in vacant sites,Sampangiram Nagar
veterinary,Anti Rabies Vaccination of stray dogs,Dodda Bidarkallu
Road Maintenance(Engg),Footpath,Jakkur
Advertisement,Flex and banners,Vasanth Nagar
Projects Central,Potholes,HSR Layout
Road Maintenance(Engg),water leakage on road,Gottigere
Forest,Issues related Snakes/Birds/Monkeys,Thanisandra
Revenue Department,Khata Services (Registration, Transfer, Bifurcation and Amalgamation),HSR Layout
Solid Waste (Garbage) Related,Garbage transfer not as per norms & area not kept clean,Ullalu
veterinary,Illegal pet shop / Animal cruelty / license check,Ramamurthy Nagar
Advertisement,Flex and banners,H.M.T
Solid Waste (Garbage) Related,Garbage dumping in vacant sites,Yelahanka old Satellite Town
Road Maintenance(Engg),Road cutting,H.M.T
Others,Others,A.Narayanapura
Forest,obstructions Branches / Trees.,Vijay Nagar
Parks and Play grounds,Issues Related to Parks/Medians/Circles/Island.,A.Narayanapura
E khata / Khata services,Ekhata missing in online,Mahalakshmipuram
Health Dept,Fogging,Govindraja Nagara
veterinary,Animal Rescue - Not well - Requires attention,Giri Nagar
Solid Waste (Garbage) Related,Complaint against SW collector/ SWM official for violation of SWM Rules,C.V.Raman Nagar
veterinary,Animal birth control/neutering of stray dogs,Deepanjali Nagar
Others,Others,Shakthiganapathi Nagar
Lakes,Dumping of garbage into lake,Chowdeshwari Ward
Others,Others,Hosakerehalli
Storm  Water Drain(SWD),Maintenance of SWD,Doddabommasandra
Health Dept,Fogging,Sudam Nagar
veterinary,Dog, cat Poor conditions / Breeding license validation,Yeshwanthpur
Parks and Play grounds,Issues Related to Parks/Medians/Circles/Island.,Sarvagna Nagar
veterinary,Animal Rescue - Not well - Requires attention,Sri Nagar
veterinary,Stray/Rabid dog bite,Kavalbyrasandra
Health Dept,Fogging,Pulikeshi Nagar
Forest,Removal of dead/fallen trees,Marathalli
Electrical,Earthing Issue relate to Electric Poles/Panel Boards,Horamavu
Health Dept,Fogging,Yadiyuru
Road Infrastructure,Road Infrastructure,Anjanapur
Health Dept,Spraying,Benniganahalli
Electrical,Park Lights Not Working,Bagalagunte
veterinary,shifting of the street dogs to other places,Gayathri Nagar
Health Dept,Fogging,Chikkalasandra
Storm  Water Drain(SWD),Sewerage water left in SWD,J.P.Nagar
Town Planning,Construction not done as per approved plan (Building Bye Law Violations),Arakere
Advertisement,Unsafe Hoardings,Begur
Solid Waste (Garbage) Related,Garbage transfer not as per norms & area not kept clean,Vasanthapura
Revenue Department,Unable to Generate the receipt after property tax payment.,Varthur
Solid Waste (Garbage) Related,Burning of Garbage in Open Space,Uttarahalli
Electrical,Park Lights Not Working,Koramangala
Electrical,Park Lights Not Working,Vasanthapura
Others,Others,Nagapura
Electrical,Street Lights Switched On During Day Time,Jnanabharathi Ward
Revenue Department,Unable to Generate the receipt after property tax payment.,Dodda Bidarkallu
veterinary,Animal Rescue - Not well - Requires attention,Kammanahalli
Forest,obstructions Branches / Trees.,Gandhi Nagar
Solid Waste (Garbage) Related,Sweeping not done,Jayachamarajendra Nagar
Health Dept,Increase in mosquito density,Nagarabhavi
Health Dept,Unhygienic premises in Hotel etc,Jaraganahalli
Health Dept,Fogging,Vijanapura
Forest,Removal of dead/fallen trees,Gandhi Nagar
Lakes,Dumping of garbage into lake,Varthur
Storm  Water Drain(SWD),Maintenance of SWD,Yelahanka old Satellite Town
Solid Waste (Garbage) Related,Garbage nuisance while transporting,Giri Nagar
Health Dept,Unhygienic premises in Hotel etc,Hoodi
Solid Waste (Garbage) Related,Garbage nuisance while transporting,Basavanapura
Others,Others,Malleshwaram
Road Maintenance(Engg),Footpath,Dattathreya Temple
Storm  Water Drain(SWD),Garbage thrown in storm water drain,Rajarajeshwari Nagar
Call Center,others,K.R.Market
Road Maintenance(Engg),Road side drains,Konanakunte
Road Maintenance(Engg),Debris Removal / Construction Material,Bommanahalli
Road Maintenance(Engg),Debris Removal / Construction Material,Hoodi
veterinary,Stray/Rabid dog bite,Ejipura
Solid Waste (Garbage) Related,Sweeping not done,Basaveshwara Nagar
veterinary,Stray dog related complaints,Jogupalya
Road Maintenance(Engg),Road cutting,Kumaraswamy Layout
Forest,Removal of dead/fallen trees,Sudam Nagar
Parks and Play grounds,Gym/Children Play equipment in the parks,Jayangar
Solid Waste (Garbage) Related,Garbage vehicle not arrived,Sudduguntepalya
Parks and Play grounds,Issues Related to Parks/Medians/Circles/Island.,Jayangar
Town Planning,UnAuthorised Building Constructions,Kammanahalli
Indira Canteen,Food Quality,Byatarayanapura
Road Maintenance(Engg),UnAuthorised Constructions,Arakere
veterinary,Fatally injured - Needs immediate attention,Vidyaranyapura
Lakes,Dumping of garbage into lake,Newthippasandra
Road Maintenance(Engg),water stagnation,Lakshmidevi Nagar
Health Dept,Increase in mosquito density,Marappana Palya
Road Maintenance(Engg),footpath encroachment,Basavanapura
Sanitation,Public toilet(s) cleaning,Giri Nagar
Solid Waste (Garbage) Related,Public dustbins not cleaned,Dharmarayaswamy Temple Ward
Traffic Engineer Cell (TEC),TEC,Puttenahalli
veterinary,Fatally injured - Needs immediate attention,Kushal Nagar
veterinary,Stray dog related complaints,Madiwala
Health Dept,Fogging,Newthippasandra
veterinary,Animal Rescue - Not well - Requires attention,Ramaswamy Palya
Solid Waste (Garbage) Related,Garbage vehicle not arrived,Mallasandra
veterinary,Animal birth control/neutering of stray dogs,Subedarapalya
Road Maintenance(Engg),Potholes,Pulikeshi Nagar
Solid Waste (Garbage) Related,Garbage dumping in vacant sites,Kaveripura
veterinary,Anti Rabies Vaccination of stray dogs,Hoodi
Solid Waste (Garbage) Related,Garbage nuisance while transporting,Attiguppe
Road Maintenance(Engg),Footpath,Ullalu
Forest,obstructions Branches / Trees.,C.V.Raman Nagar
Health Dept,Fogging,Sunkenahalli
Town Planning,Noise during Building Construction,Sri Rammandira
veterinary,Stray dog related complaints,Jeevanbhima Nagar
veterinary,Stray cattle related complaints,Shanthala Nagar
Health Dept,Spraying,Bapuji Nagar
Electrical,Requirement For New Street Lights,Agaram
Sanitation,Urination in Public/Open Defecation,Ramamurthy Nagar
veterinary,Stray dog related complaints,Ganga Nagar
Revenue Department,Discrepancy In Khata Certificate and Khata Extract,Konena Agrahara
Solid Waste (Garbage) Related,Dead animal(s),Begur
veterinary,Dog, cat Poor conditions / Breeding license validation,Jalahalli
Solid Waste (Garbage) Related,Segregation of waste is not done,Maruthi Mandira Ward
veterinary,Fatally injured - Needs immediate attention,Herohalli
veterinary,Stray dog related complaints,Shanthi Nagar
Solid Waste (Garbage) Related,Segregation of waste is not done,Jeevanbhima Nagar
Road Maintenance(Engg),Road cutting,Yelachenahalli
Solid Waste (Garbage) Related,Garbage nuisance while transporting,Uttarahalli
Forest,Removal of dead/fallen trees,Dayananda Nagar
veterinary,Animal Rescue - Not well - Requires attention,Dayananda Nagar
Markets,Trade License,Koramangala
Road Maintenance(Engg),Overhanging cables,Byatarayanapura
Health Dept,Air/Noise pollution,Kadugodi
Road Maintenance(Engg),UnAuthorised Constructions,Chikpete
veterinary,shifting of the street dogs to other places,Vrushabhavati Nagar
Storm  Water Drain(SWD),Maintenance of SWD,Hemmigepura
Health Dept,Unhygienic premises in Hotel etc,Yelahanka old Satellite Town
Property Tax services,Other property tax issues,Sunkenahalli
Road Maintenance(Engg),water leakage on road,Devarajeevanahalli
veterinary,Stray/Rabid dog bite,Kottigepalya
veterinary,Animal Rescue - Not well - Requires attention,Sudduguntepalya
Road Maintenance(Engg),UnAuthorised Constructions,Bommanahalli
Road Maintenance(Engg),UnAuthorised Constructions,Byatarayanapura
Road Infrastructure,Road Infrastructure,Yelachenahalli
veterinary,Feeder Harassment  by Individual / Mob but no association,J.P.Park
Health Dept,Air/Noise pollution,Byrasandra
Electrical,Street Lights Switched On During Day Time,Hoodi
Advertisement,Flex and banners,Adugodi
veterinary,shifting of the street dogs to other places,Konanakunte
Health Dept,Air/Noise pollution,Puttenahalli
Road Maintenance(Engg),Footpath,Sri Rammandira
Solid Waste (Garbage) Related,Dead animal(s),Subhash Nagar
Forest,Issues related Snakes/Birds/Monkeys,Shakambari Nagar
Forest,obstructions Branches / Trees.,Bharathi Nagar
Solid Waste (Garbage) Related,Sweeping not done,Yadiyuru
Health Dept,Unhygienic premises in Hotel etc,Koramangala
Town Planning,Delay in issuing building permit,Puttenahalli
Road Infrastructure,Road Infrastructure,Hegganahalli
Road Maintenance(Engg),footpath encroachment,Byrasandra
Forest,obstructions Branches / Trees.,Bommanahalli
Others,Others,Shanthala Nagar
veterinary,Animal Cruelty/Relocated,Ramamurthy Nagar
veterinary,Stray dog related complaints,Chowdeshwari Ward
Revenue Department,Unable to Generate the receipt after property tax payment.,Vijay Nagar
Solid Waste (Garbage) Related,Dead animal(s),Vijanapura
Road Infrastructure,Road Infrastructure,Thanisandra
Others,Others,Anjanapur
E khata / Khata services,Ekhata Other corrections,Vannarpet
Road Maintenance(Engg),Footpath,Ganeshmandira Ward
veterinary,Aged street dogs please take action,Doddabommasandra
veterinary,Animal birth control/neutering of stray dogs,H.M.T
veterinary,Mutton/Chicken/fish stall Unhygienic maintenance,Aramane Nagar
Parks and Play grounds,Issues Related to Parks/Medians/Circles/Island.,HBR Layout
Forest,Issues related Snakes/Birds/Monkeys,Chokkasandra
Road Maintenance(Engg),water stagnation,Subedarapalya
Forest,obstructions Branches / Trees.,H.M.T
Forest,Removal of dead/fallen trees,Byrasandra
Electrical,Requirement For New Street Lights,Lakkasandra
Road Maintenance(Engg),Road cutting,Sri Rammandira
veterinary,Aged street dogs please take action,J.P.Park
Others,Others,Sudam Nagar
Solid Waste (Garbage) Related,Garbage vehicle not arrived,Doddabommasandra
Electrical,Street Lights Switched On During Day Time,Vidyapeetha
Markets,Illegal Parking,Vidyapeetha
Solid Waste (Garbage) Related,Garbage vehicle not arrived,Dr.Rajkumar Ward
Health Dept,Increase in mosquito density,C.V.Raman Nagar
Solid Waste (Garbage) Related,Sweeping not done,Bommanahalli
Road Maintenance(Engg),Potholes,Vasanth Nagar
veterinary,Stray dog related complaints,Nagavara
Others,Others,BTM Layout
Solid Waste (Garbage) Related,Garbage nuisance while transporting,HAL Airport
Town Planning,Construction not done as per approved plan (Building Bye Law Violations),Cottonpet
Health Dept,Air/Noise pollution,Subedarapalya
Solid Waste (Garbage) Related,Garbage dumping in vacant sites,Hampi Nagar
Parks and Play grounds,Gym/Children Play equipment in the parks,K.R.Puram
Health Dept,Increase in mosquito density,Vidyaranyapura
Health Dept,Fogging,Vasanthapura
Electrical,Park Lights Not Working,Jnanabharathi Ward
veterinary,Stray cattle related complaints,K.R.Puram
Solid Waste (Garbage) Related,Garbage nuisance while transporting,Chowdeshwari Ward
Solid Waste (Garbage) Related,Sweeping not done,Gali Anjaneya Swamy Temple Ward
Road Maintenance(Engg),Road side drains,T-Dasarahalli
Forest,obstructions Branches / Trees.,Azad Nagar
Optical Fiber Cables (OFC),Without permission digging of road,Maruthi Seva Nagar
E khata / Khata services,Ekhata missing in online,Mangammanapalya
Road Maintenance(Engg),Footpath,K.R.Puram
Parks and Play grounds,Issues Related to Parks/Medians/Circles/Island.,Yadiyuru
Road Maintenance(Engg),Potholes,Gandhi Nagar
E khata / Khata services,new Khata / Ekhata registration / creation,Kumaraswamy Layout
Solid Waste (Garbage) Related,Garbage nuisance while transporting,Kumaraswamy Layout
Solid Waste (Garbage) Related,Garbage vehicle not arrived,Sri Nagar
Road Maintenance(Engg),Footpath,Yadiyuru
Health Dept,Increase in mosquito density,Pattabhiram Nagar
Solid Waste (Garbage) Related,Public dustbins not cleaned,Kumaraswamy Layout
Solid Waste (Garbage) Related,Sweeping not done,Koramangala
Forest,Removal of dead/fallen trees,K.R.Puram
Electrical,Earthing Issue relate to Electric Poles/Panel Boards,HSR Layout
Revenue Department,Unable to generate the property tax challan,Varthur
Road Maintenance(Engg),Road side drains,Kumaraswamy Layout
veterinary,Animal birth control/neutering of stray dogs,Katriguppe
Storm  Water Drain(SWD),Maintenance of SWD,Neelasandra
Solid Waste (Garbage) Related,Dead animal(s),Govindraja Nagara
Health Dept,Fogging,Neelasandra
Revenue Department,Discrepancy In Khata Certificate and Khata Extract,Hemmigepura
Solid Waste (Garbage) Related,Dead animal(s),Jayangar
veterinary,Dog bite pet dog,Ganeshmandira Ward
Solid Waste (Garbage) Related,Garbage transfer not as per norms & area not kept clean,Domlur
Electrical,Open Electrical Junction Box,Vignana Nagar
Parks and Play grounds,Issues Related to Parks/Medians/Circles/Island.,Sri Rammandira
veterinary,Animal Rescue - Not well - Requires attention,Sarakki
Revenue Department,Discrepancy In Khata Certificate and Khata Extract,Hombegowda Nagar
Road Maintenance(Engg),Debris Removal / Construction Material,Kumaraswamy Layout
veterinary,shifting of the street dogs to other places,Benniganahalli
Storm  Water Drain(SWD),Maintenance of SWD,Deepanjali Nagar
veterinary,Stray dog related complaints,Konena Agrahara
Advertisement,Flex and banners,Yelachenahalli
Health Dept,Increase in mosquito density,Kadugondanahalli
Road Infrastructure,Road Infrastructure,Nandini Layout
veterinary,Animal Rescue - Not well - Requires attention,Basavanapura
Others,Others,Dharmarayaswamy Temple Ward
Revenue Department,Unable to generate the property tax challan,Vidyaranyapura
veterinary,Fatally injured - Needs immediate attention,Shakthiganapathi Nagar
Lakes,Lake gates are not opened as per the prescribed timing,Kodigehalli
Optical Fiber Cables (OFC),Without permission digging of road,Herohalli
Solid Waste (Garbage) Related,Garbage transfer not as per norms & area not kept clean,Hampi Nagar
Road Maintenance(Engg),Overhanging cables,Herohalli
Solid Waste (Garbage) Related,Dead animal(s),Shettyhalli
E khata / Khata services,Ekhata - name correction,Bellandur
Revenue Department,Discrepancy In Khata Certificate and Khata Extract,Kottigepalya
E khata / Khata services,Other Khata / ekhata issues,Bagalagunte
E khata / Khata services,Ekhata Other corrections,Laggere
Town Planning,Construction not done as per approved plan (Building Bye Law Violations),Maruthi Mandira Ward
E khata / Khata services,ekhata approval pending with ARO,Maruthi Mandira Ward
Health Dept,Air/Noise pollution,Dodda Bidarkallu
E khata / Khata services,Other Khata / ekhata issues,Nagarabhavi
Forest,obstructions Branches / Trees.,J.P.Park
veterinary,Stray dog related complaints,Chikpete
E khata / Khata services,Khata / Ekhata mutation / transfer,Shakambari Nagar
Health Dept,Dengue positive,Shettyhalli
Electrical,Park Lights Not Working,HSR Layout
Road Maintenance(Engg),footpath encroachment,Banaswadi
Health Dept,Dengue positive,Vidyaranyapura
Electrical,Street Lights Switched On During Day Time,Herohalli
E khata / Khata services,Technical Issue In Ekhata,Maruthi Mandira Ward
Electrical,Street Lights Switched On During Day Time,Rajaji Nagar
Health Dept,Delay in issue of Trade licence,Marappana Palya
veterinary,Animal birth control/neutering of stray dogs,Rajagopala Nagar
veterinary,Stray dog related complaints,Gali Anjaneya Swamy Temple Ward
Forest,obstructions Branches / Trees.,S.K.Garden
Health Dept,Unhygienic premises in Hotel etc,Jakkur
E khata / Khata services,Ekhata missing in online,Vidyaranyapura
Parks and Play grounds,Issues Related to Parks/Medians/Circles/Island.,Deepanjali Nagar
veterinary,Stray dog related complaints,Sampangiram Nagar
veterinary,shifting of the street dogs to other places,Visvesvarapuram
Parks and Play grounds,Issues Related to Parks/Medians/Circles/Island.,Singasandra
veterinary,Anti Rabies Vaccination of stray dogs,Gottigere
Road Maintenance(Engg),Overhanging cables,Ulsoor
Health Dept,Spraying,Padmanabha Nagar
veterinary,Animal birth control/neutering of stray dogs,Padarayanapura
Road Maintenance(Engg),Road cutting,Basavanagudi
Others,Others,Peenya Industrial Area
Health Dept,Spraying,Agrahara Dasarahalli
E khata / Khata services,Other Khata / ekhata issues,Garudacharpalya
Road Maintenance(Engg),water stagnation,Agrahara Dasarahalli
Solid Waste (Garbage) Related,Complaint against SW collector/ SWM official for violation of SWM Rules,J.P.Nagar
Health Dept,Fogging,BTM Layout
veterinary,Stray/Rabid dog bite,Hanumantha Nagar
Forest,Removal of dead/fallen trees,Vijay Nagar
Solid Waste (Garbage) Related,Garbage nuisance while transporting,Dharmarayaswamy Temple Ward
veterinary,Animal birth control/neutering of stray dogs,Ramaswamy Palya
veterinary,Stray dog related complaints,Byrasandra
Forest,Removal of dead/fallen trees,Sarvagna Nagar
veterinary,Stray dog related complaints,Byatarayanapura
Road Maintenance(Engg),Debris Removal / Construction Material,Sudam Nagar
Storm  Water Drain(SWD),Maintenance of SWD,K.R.Puram
Health Dept,Fogging,Lingarajapuram
Road Maintenance(Engg),water stagnation,Hoodi
Health Dept,Fogging,K.R.Market
veterinary,Fatally injured - Needs immediate attention,Kengeri
Forest,Issues related Snakes/Birds/Monkeys,Hoodi
Solid Waste (Garbage) Related,Complaint against SW collector/ SWM official for violation of SWM Rules,Hoodi
Storm  Water Drain(SWD),Garbage thrown in storm water drain,Peenya Industrial Area
Road Maintenance(Engg),Potholes,Madiwala
Storm  Water Drain(SWD),Maintenance of SWD,Bommanahalli
Parks and Play grounds,Issues Related to Parks/Medians/Circles/Island.,Garudacharpalya
Town Planning,Construction not done as per approved plan (Building Bye Law Violations),Uttarahalli
Water Crisis,Water related issue,HBR Layout
Parks and Play grounds,Issues Related to Parks/Medians/Circles/Island.,Bagalagunte
Lakes,Lake being encroached,Hemmigepura
Health Dept,Unhygienic  premises in hospital,BTM Layout
Storm  Water Drain(SWD),Sewerage water left in SWD,Hagadooru
Health Dept,Air/Noise pollution,Anjanapur
Road Maintenance(Engg),UnAuthorised Constructions,Nagapura
Road Infrastructure,Road Infrastructure,Vannarpet
Road Maintenance(Engg),Footpath,Yeshwanthpur
Electrical,Open Electrical Junction Box,Attiguppe
Road Maintenance(Engg),Debris Removal / Construction Material,Kavalbyrasandra
veterinary,Animal Rescue - Not well - Requires attention,Hongasandra
veterinary,Fatally injured - Needs immediate attention,Subramanya Nagar
veterinary,Stray dog related complaints,Laggere
Road Maintenance(Engg),Footpath,Sudduguntepalya
Electrical,Park Lights Not Working,Arakere
Solid Waste (Garbage) Related,Sweeping not done,Nagarabhavi
Electrical,Open Electrical Junction Box,Someshwara
Solid Waste (Garbage) Related,Dead animal(s),HAL Airport
Solid Waste (Garbage) Related,Sweeping not done,Kempegowda Ward
Road Infrastructure,Road Infrastructure,A.Narayanapura
Solid Waste (Garbage) Related,Dead animal(s),Giri Nagar
Road Maintenance(Engg),Footpath,Sagayapuram
Electrical,Park Lights Not Working,Yelachenahalli
Storm  Water Drain(SWD),Maintenance of SWD,Chikkalasandra
Road Maintenance(Engg),Potholes,Bharathi Nagar
Road Maintenance(Engg),Road cutting,Neelasandra
veterinary,Pet dog licence,Vidyaranyapura
Health Dept,Increase in mosquito density,Uttarahalli
veterinary,Animal Rescue - Not well - Requires attention,Subramanya Nagar
Others,Others,Gayathri Nagar
Electrical,Requirement For New Street Lights,Basavanagudi
Revenue Department,Discrepancy In Khata Certificate and Khata Extract,Agaram
E khata / Khata services,Ekhata missing in online,Rajagopala Nagar
Electrical,Requirement For New Street Lights,BTM Layout
Solid Waste (Garbage) Related,Public dustbins not cleaned,Sarvagna Nagar
E khata / Khata services,Technical Issue In Ekhata,Bommanahalli
Solid Waste (Garbage) Related,Dead animal(s),Vasanth Nagar
Road Maintenance(Engg),Footpath,Hampi Nagar
Solid Waste (Garbage) Related,Sweeping not done,Kushal Nagar
veterinary,Anti Rabies Vaccination of stray dogs,Giri Nagar
Road Maintenance(Engg),UnAuthorised Constructions,Hosakerehalli
Solid Waste (Garbage) Related,Garbage dumping in vacant sites,Nagavara
E khata / Khata services,Ekhata - name correction,Shettyhalli
Solid Waste (Garbage) Related,Public dustbins not cleaned,Katriguppe
E khata / Khata services,Other Khata / ekhata issues,Hongasandra
Road Maintenance(Engg),UnAuthorised Constructions,H.M.T
E khata / Khata services,Ekhata missing in online,Marathalli
Sanitation,Urination in Public/Open Defecation,Domlur
Electrical,Earthing Issue relate to Electric Poles/Panel Boards,Kammanahalli
E khata / Khata services,Ekhata missing in online,Adugodi
Road Infrastructure,Road Infrastructure,Dodda Bidarkallu
veterinary,Animal Cruelty/Ill-Treated / Abused,Hegganahalli
Sanitation,Urination in Public/Open Defecation,Hagadooru
Road Maintenance(Engg),UnAuthorised Constructions,Jakkasandra
Road Maintenance(Engg),Debris Removal / Construction Material,Hosakerehalli
Information Technology,Others(Technical or Software Issues),Vasanth Nagar
Revenue Department,Others (JC),HAL Airport
Revenue Department,Unable to Generate the receipt after property tax payment.,Bellandur
Revenue Department,Khata Services (Registration, Transfer, Bifurcation and Amalgamation),Kavalbyrasandra
Health Dept,Spraying,Yelachenahalli
Information Technology,App Related Issues,Vasanth Nagar
Revenue Department,Khata Services (Registration, Transfer, Bifurcation and Amalgamation),Rajarajeshwari Nagar
Property Tax services,Unable to generate receipt after property tax payment,Gottigere
Health Dept,Dengue positive,Vrushabhavati Nagar
Health Dept,Dengue positive,Vijanapura
Road Maintenance(Engg),footpath encroachment,Maruthi Seva Nagar
E khata / Khata services,Ekhata missing in online,Doddanekkundi
Road Infrastructure,Road Infrastructure,BTM Layout
veterinary,Animal Cruelty/Ill-Treated / Abused,Jalahalli
Road Maintenance(Engg),Overhanging cables,Koramangala
Storm  Water Drain(SWD),Sewerage water left in SWD,Marathalli
E khata / Khata services,Ekhata Other corrections,Thanisandra
E khata / Khata services,Khata / Ekhata mutation / transfer,Herohalli
veterinary,Stray/Rabid dog bite,Newthippasandra
Forest,obstructions Branches / Trees.,Vannarpet
Others,Others,Kottigepalya
E khata / Khata services,Technical Issue In Ekhata,Ramamurthy Nagar
Road Maintenance(Engg),Overhanging cables,Horamavu
E khata / Khata services,Other Khata / ekhata issues,Lakkasandra
Road Maintenance(Engg),Overhanging cables,Sanjay Nagar
Others,Others,Arakere
veterinary,Animal birth control/neutering of stray dogs,Pattabhiram Nagar
veterinary,Stray dog related complaints,Yadiyuru
Health Dept,Increase in mosquito density,Jaraganahalli
Revenue Department,Khata Services (Registration, Transfer, Bifurcation and Amalgamation),Nagarabhavi
veterinary,Animal birth control/neutering of stray dogs,Rayapuram
Road Maintenance(Engg),footpath encroachment,Basavanagudi
veterinary,Stray dog related complaints,Dharmarayaswamy Temple Ward
Electrical,Requirement For New Street Lights,Hagadooru
Sanitation,Public toilet(s) blockage,Varthur
Road Maintenance(Engg),water stagnation,Attiguppe
Health Dept,Fogging,Jakkur
Health Dept,Increase in mosquito density,Konanakunte
Parks and Play grounds,Issues Related to Parks/Medians/Circles/Island.,Kavalbyrasandra
E khata / Khata services,eKhata - name Mismatch,Varthur
Road Maintenance(Engg),Debris Removal / Construction Material,Sarakki
veterinary,Animal birth control/neutering of stray dogs,Kodigehalli
Solid Waste (Garbage) Related,Garbage transfer not as per norms & area not kept clean,Byatarayanapura
Storm  Water Drain(SWD),Sewerage water left in SWD,Sanjay Nagar
Solid Waste (Garbage) Related,Public dustbins not cleaned,Arakere
veterinary,Stray cattle related complaints,Bharathi Nagar
Road Maintenance(Engg),water stagnation,Hegganahalli
Health Dept,Increase in mosquito density,Yadiyuru
Parks and Play grounds,Gym/Children Play equipment in the parks,Shanthala Nagar
Parks and Play grounds,Environmental protection,Shanthala Nagar
veterinary,Animal Rescue - Not well - Requires attention,Puttenahalli
Road Infrastructure,Road Infrastructure,Sri Rammandira
Road Maintenance(Engg),UnAuthorised Constructions,Madiwala
veterinary,Animal Cruelty/Ill-Treated / Abused,Shettyhalli
veterinary,Fatally injured - Needs immediate attention,Sampangiram Nagar
Storm  Water Drain(SWD),Garbage thrown in storm water drain,Lingarajapuram
Road Maintenance(Engg),Road side drains,Agaram
Forest,obstructions Branches / Trees.,Jeevanbhima Nagar
Lakes,Lake not maintained properly,Vasanthapura
Solid Waste (Garbage) Related,Public dustbins not cleaned,Benniganahalli
Electrical,Earthing Issue relate to Electric Poles/Panel Boards,Basavanagudi
Health Dept,Fogging,Malleshwaram
Storm  Water Drain(SWD),Maintenance of SWD,Chamrajpet
Revenue Department,Discrepancy In Khata Certificate and Khata Extract,Jnanabharathi Ward
veterinary,Stray dog related complaints,Pattabhiram Nagar
Advertisement,Flex and banners,Gottigere
Road Maintenance(Engg),water leakage on road,Herohalli
veterinary,Animal Rescue - Not well - Requires attention,Benniganahalli
Road Maintenance(Engg),Debris Removal / Construction Material,Basavanapura
Road Maintenance(Engg),Road side drains,Nagapura
Revenue Department,Others (JC),Vasanth Nagar
Revenue Department,Others (JC),Varthur
Road Maintenance(Engg),Road side drains,Giri Nagar
E khata / Khata services,Ekhata - name correction,K.R.Puram
Solid Waste (Garbage) Related,Garbage dumping in vacant sites,Jayachamarajendra Nagar
Traffic Engineer Cell (TEC),TEC,Thanisandra
veterinary,Fatally injured - Needs immediate attention,Giri Nagar
E khata / Khata services,Ekhata missing in online,Kempegowda Ward
Forest,obstructions Branches / Trees.,Sudduguntepalya
Solid Waste (Garbage) Related,Sweeping not done,Puttenahalli
Road Maintenance(Engg),water stagnation,Devasandra
Road Maintenance(Engg),Road side drains,Jagajeevanram Nagar
Solid Waste (Garbage) Related,Garbage vehicle not arrived,Ganga Nagar
veterinary,Anti Rabies Vaccination of stray dogs,Puttenahalli
E khata / Khata services,Khata / Ekhata mutation / transfer,Doddanekkundi
E khata / Khata services,Ekhata missing in online,Jayachamarajendra Nagar
Town Planning,UnAuthorised Building Constructions,Prakash Nagar
Solid Waste (Garbage) Related,Sweeping not done,Binnipet
Road Infrastructure,Road Infrastructure,Deepanjali Nagar
Forest,obstructions Branches / Trees.,Ramaswamy Palya
veterinary,Animal Rescue - Not well - Requires attention,Maruthi Mandira Ward
Road Maintenance(Engg),Road side drains,Lingarajapuram
E khata / Khata services,Ekhata missing in online,Puttenahalli
Electrical,Street Light Not Working,Chalavadipalya
Road Maintenance(Engg),Potholes,Okalipuram
veterinary,Stray/Rabid dog bite,Hagadooru
E khata / Khata services,Ekhata missing in online,HBR Layout
Electrical,Park Lights Not Working,Vidyaranyapura
E khata / Khata services,Ekhata missing in online,Kumaraswamy Layout
veterinary,Fatally injured - Needs immediate attention,Vasanthapura
Electrical,Street Lights Switched On During Day Time,HBR Layout
Parks and Play grounds,Gym/Children Play equipment in the parks,Rajagopala Nagar
Electrical,Earthing Issue relate to Electric Poles/Panel Boards,Singasandra
Road Maintenance(Engg),Potholes,Agrahara Dasarahalli
Indira Canteen,Food Quantity,Rajarajeshwari Nagar
Solid Waste (Garbage) Related,Dead animal(s),Sanjay Nagar
Electrical,Street Light Not Working,Muneshwara Nagar
Road Maintenance(Engg),water stagnation,Garudacharpalya
Forest,obstructions Branches / Trees.,Mangammanapalya
veterinary,Feeder Harassment  by Individual / Mob but no association,Kadugodi
Health Dept,Dengue positive,Ganeshmandira Ward
Health Dept,Dengue positive,Chokkasandra
Health Dept,Dengue positive,Mahalakshmipuram
Health Dept,Dengue positive,Rajaji Nagar
Health Dept,Dengue positive,Neelasandra
Health Dept,Dengue positive,Rajarajeshwari Nagar
Health Dept,Dengue positive,Bagalagunte
Health Dept,Dengue positive,Nandini Layout
Health Dept,Dengue positive,Shivaji Nagar
veterinary,Aged street dogs please take action,Ramamurthy Nagar
Revenue Department,Khata Services (Registration, Transfer, Bifurcation and Amalgamation),Jayangar
veterinary,Stray cattle related complaints,C.V.Raman Nagar
Road Infrastructure,Road Infrastructure,Karisandra
Health Dept,Spraying,Kadugodi
Revenue Department,Others (JC),Ullalu
E khata / Khata services,Khata / Ekhata mutation / transfer,Gandhi Nagar
Revenue Department,Khata Services (Registration, Transfer, Bifurcation and Amalgamation),Sanjay Nagar
Road Maintenance(Engg),Footpath,Basavanapura
Solid Waste (Garbage) Related,Burning of Garbage in Open Space,Rajagopala Nagar
veterinary,Pet dog licence,Jogupalya
Revenue Department,Unable to generate the property tax challan,Horamavu
veterinary,Fatally injured - Needs immediate attention,Konanakunte
Solid Waste (Garbage) Related,Complaint against SW collector/ SWM official for violation of SWM Rules,Kottigepalya
Solid Waste (Garbage) Related,Garbage transfer not as per norms & area not kept clean,Jayanagar East
Solid Waste (Garbage) Related,Public dustbins not cleaned,Attiguppe
Solid Waste (Garbage) Related,Public dustbins not cleaned,Sampangiram Nagar
Road Maintenance(Engg),Potholes,Moodalapalya
Forest,obstructions Branches / Trees.,Subedarapalya
veterinary,Stray dog related complaints,Sarakki
Parks and Play grounds,Issues Related to Parks/Medians/Circles/Island.,Nandini Layout
E khata / Khata services,Ekhata Other corrections,Bellandur
Road Maintenance(Engg),Footpath,Attiguppe
veterinary,Mutton/Chicken/fish stall Unhygienic maintenance,HBR Layout
Solid Waste (Garbage) Related,Garbage dump,Prakash Nagar
E khata / Khata services,Technical Issue In Ekhata,Kadugodi
Health Dept,Spraying,Vignana Nagar
Others,Others,Jayanagar East
veterinary,Stray/Rabid dog bite,Vidyaranyapura
Electrical,Street Lights Switched On During Day Time,Varthur
Indira Canteen,Cleanliness,Bagalagunte
Parks and Play grounds,Issues Related to Parks/Medians/Circles/Island.,Hombegowda Nagar
Solid Waste (Garbage) Related,Dead animal(s),Shanthala Nagar
Health Dept,Air/Noise pollution,Kuvempu Nagar
veterinary,Animal birth control/neutering of stray dogs,HSR Layout
Road Maintenance(Engg),Footpath,Kadugodi
Lakes,Sewage inflow to lake,Horamavu
Road Maintenance(Engg),Potholes,Sanjay Nagar
veterinary,Aged street dogs please take action,Marenahalli
Health Dept,Unhygienic premises in Hotel etc,Gottigere
veterinary,Animal Rescue - Not well - Requires attention,Jakkasandra
Parks and Play grounds,Issues Related to Parks/Medians/Circles/Island.,Vidyapeetha
Others,Others,Sri Rammandira
veterinary,Animal Rescue - Not well - Requires attention,Vignana Nagar
Solid Waste (Garbage) Related,Complaint against SW collector/ SWM official for violation of SWM Rules,Radhakrishna Temple
E khata / Khata services,Ekhata missing in online,Chamrajpet
Health Dept,Fogging,Vidyaranyapura
Sanitation,Public toilet(s) cleaning,Hebbal
veterinary,Stray/Rabid dog bite,Rajaji Nagar
Health Dept,Unhygienic premises in Hotel etc,Sunkenahalli
Solid Waste (Garbage) Related,Sweeping not done,Shanthala Nagar
Electrical,Requirement For New Street Lights,Marathalli
veterinary,Stray dog related complaints,Shakthiganapathi Nagar
Electrical,Park Lights Not Working,Dodda Bidarkallu
veterinary,Fatally injured - Needs immediate attention,Subhash Nagar
Solid Waste (Garbage) Related,Garbage nuisance while transporting,Rajarajeshwari Nagar
Health Dept,Unhygienic premises in Hotel etc,Vijay Nagar
Town Planning,Construction not done as per approved plan (Building Bye Law Violations),Gandhi Nagar
Storm  Water Drain(SWD),Maintenance of SWD,Jakkur
Health Dept,Unhygienic premises in Hotel etc,Bharathi Nagar
Advertisement,Unsafe Hoardings,Marathalli
Solid Waste (Garbage) Related,Dead animal(s),Bommanahalli
Solid Waste (Garbage) Related,Garbage dump,Kempapura Agrahara
Road Maintenance(Engg),Debris Removal / Construction Material,Shakthiganapathi Nagar
E khata / Khata services,Ekhata missing in online,Karisandra
Others,Others,Shakambari Nagar
Town Planning,Construction not done as per approved plan (Building Bye Law Violations),Banaswadi
Health Dept,Unhygienic premises in Hotel etc,Shettyhalli
veterinary,Fatally injured - Needs immediate attention,Marathalli
veterinary,Animal Rescue - Not well - Requires attention,Shakthiganapathi Nagar
Road Maintenance(Engg),footpath encroachment,Garudacharpalya
Forest,Issues related Snakes/Birds/Monkeys,Ulsoor
Road Maintenance(Engg),Footpath,Garudacharpalya
veterinary,Fatally injured - Needs immediate attention,Nagarabhavi
Road Maintenance(Engg),water stagnation,Sudduguntepalya
Forest,Issues related Snakes/Birds/Monkeys,Banaswadi
veterinary,Stray/Rabid dog bite,Hosakerehalli
Parks and Play grounds,Gym/Children Play equipment in the parks,Byatarayanapura
Sanitation,Public toilet(s) cleaning,K.R.Puram
Forest,obstructions Branches / Trees.,Moodalapalya
Electrical,Requirement For New Street Lights,Kodigehalli
Road Maintenance(Engg),footpath encroachment,Sunkenahalli
Electrical,Street Lights Switched On During Day Time,Sri Nagar
Electrical,Open Electrical Junction Box,Mathikere
Forest,obstructions Branches / Trees.,T-Dasarahalli
Revenue Department,Discrepancy In Khata Certificate and Khata Extract,Kadugodi
Road Maintenance(Engg),Road side drains,Kacharakanahalli
veterinary,Dog, cat Poor conditions / Breeding license validation,Sri Nagar
Forest,Issues related Snakes/Birds/Monkeys,Jnanabharathi Ward
Health Dept,Delay in issue of Trade licence,Yelahanka old Satellite Town
Solid Waste (Garbage) Related,Garbage nuisance while transporting,Gayathri Nagar
Lakes,Lake fencing damaged,HSR Layout
veterinary,Animal Rescue - Not well - Requires attention,Domlur
Solid Waste (Garbage) Related,Burning of Garbage in Open Space,Byrasandra
veterinary,Pet dog licence,Kengeri
Road Maintenance(Engg),Potholes,Subedarapalya
Lakes,Lake not maintained properly,HSR Layout
Solid Waste (Garbage) Related,Garbage vehicle not arrived,Ramaswamy Palya
Storm  Water Drain(SWD),Maintenance of SWD,Jayamahal
Advertisement,Flex and banners,Marathalli
veterinary,Animal Cruelty/Ill-Treated / Abused,Thanisandra
Solid Waste (Garbage) Related,Garbage vehicle not arrived,Shanthi Nagar
Road Infrastructure,Road Infrastructure,Sarakki
Storm  Water Drain(SWD),Maintenance of SWD,Shanthi Nagar
Road Maintenance(Engg),Potholes,BTM Layout
Road Maintenance(Engg),Road side drains,Puttenahalli
veterinary,Stray/Rabid dog bite,Pulikeshi Nagar
E khata / Khata services,Ekhata - name correction,Jakkur
Water Crisis,Water related issue,Kengeri
Solid Waste (Garbage) Related,Sweeping not done,K.R.Market
Town Planning,Construction not done as per approved plan (Building Bye Law Violations),Rajarajeshwari Nagar
E khata / Khata services,Ekhata Area Correction,Vishwanathnagenahalli
Road Maintenance(Engg),water stagnation,Kacharakanahalli
Solid Waste (Garbage) Related,Public dustbins not cleaned,Kacharakanahalli
veterinary,Dog, cat Poor conditions / Breeding license validation,Horamavu
Solid Waste (Garbage) Related,Complaint against SW collector/ SWM official for violation of SWM Rules,Marappana Palya
Electrical,Requirement For New Street Lights,J.P.Nagar
Storm  Water Drain(SWD),Maintenance of SWD,Hoysala Nagar
Road Maintenance(Engg),Footpath,Someshwara
Road Maintenance(Engg),footpath encroachment,Marathalli
Road Maintenance(Engg),Potholes,Shivaji Nagar
Solid Waste (Garbage) Related,Garbage nuisance while transporting,Radhakrishna Temple
heavy smell.,,
veterinary,Animal birth control/neutering of stray dogs,Giri Nagar
Health Dept,Air/Noise pollution,Kumaraswamy Layout
veterinary,Animal birth control/neutering of stray dogs,Mangammanapalya
Parks and Play grounds,Environmental protection,Yelachenahalli
Health Dept,Spraying,Puttenahalli
Lakes,Lake being encroached,Nagavara
Solid Waste (Garbage) Related,Garbage dumping in vacant sites,Kengeri
Parks and Play grounds,Issues Related to Parks/Medians/Circles/Island.,Chikkalasandra
Road Maintenance(Engg),Potholes,Domlur
Others,Others,S.K.Garden
veterinary,Animal Rescue - Not well - Requires attention,Malleshwaram
Health Dept,Unhygienic premises in Hotel etc,Begur
Electrical,Requirement For New Street Lights,Kadugondanahalli
Revenue Department,Khata Services (Registration, Transfer, Bifurcation and Amalgamation),Lakshmidevi Nagar
veterinary,Street dogs attacking-pet Dogs,Hoysala Nagar
veterinary,Pet dog licence,Jnanabharathi Ward
veterinary,Feeder Harassment by Association / Gated Community,Hemmigepura
Road Maintenance(Engg),Footpath,Dodda Bidarkallu
Electrical,Requirement For New Street Lights,Mangammanapalya
Health Dept,Air/Noise pollution,Pattabhiram Nagar
Others,Others,Pattabhiram Nagar
Health Dept,Spraying,Madiwala
veterinary,Mutton/Chicken/fish stall Unhygienic maintenance,Pattabhiram Nagar
Health Dept,Unhygienic premises in Hotel etc,Pattabhiram Nagar
Road Infrastructure,Road Infrastructure,Bharathi Nagar
Road Maintenance(Engg),Footpath,Gali Anjaneya Swamy Temple Ward
Road Maintenance(Engg),Potholes,Vrushabhavati Nagar
Others,Others,Subramanya Nagar
Road Maintenance(Engg),Debris Removal / Construction Material,Chikkalasandra
Storm  Water Drain(SWD),Sewerage water left in SWD,Peenya Industrial Area
Others,Others,Lingarajapuram
Parks and Play grounds,Inspection not done,HBR Layout
Parks and Play grounds,Issues Related to Parks/Medians/Circles/Island.,Kadugodi
veterinary,Stray dog related complaints,Jakkasandra
Solid Waste (Garbage) Related,Sweeping not done,Azad Nagar
Forest,obstructions Branches / Trees.,Byrasandra
E khata / Khata services,Khata / Ekhata mutation / transfer,Chowdeshwari Ward
veterinary,Dog, cat Poor conditions / Breeding license validation,Dayananda Nagar
E khata / Khata services,Other Khata / ekhata issues,Kodigehalli
veterinary,Stray cattle related complaints,Chowdeshwari Ward
veterinary,Fatally injured - Needs immediate attention,Shivaji Nagar
veterinary,Anti Rabies Vaccination of stray dogs,T-Dasarahalli
Solid Waste (Garbage) Related,Burning of Garbage in Open Space,Pulikeshi Nagar
Traffic Engineer Cell (TEC),TEC,Doddabommasandra
veterinary,"Pet licensing / Pet shop licensing  / Breeder licensing ",T-Dasarahalli
Road Maintenance(Engg),Road cutting,Mahalakshmipuram
Property Tax services,Other property tax issues,Hombegowda Nagar
Health Dept,Spraying,Basavanapura
Health Dept,Dengue positive,Chikpete
Health Dept,Increase in mosquito density,Giri Nagar
Health Dept,Dengue positive,Sunkenahalli
E khata / Khata services,Ekhata missing in online,Hoodi
Health Dept,Dengue positive,Vasanthapura
Health Dept,Fogging,Peenya Industrial Area
Electrical,Requirement For New Street Lights,Ramamurthy Nagar
Solid Waste (Garbage) Related,Garbage nuisance while transporting,Visvesvarapuram
Others,Others,Giri Nagar
veterinary,Stray cattle related complaints,Jakkasandra
Solid Waste (Garbage) Related,Sweeping not done,Chalavadipalya
Parks and Play grounds,Issues Related to Parks/Medians/Circles/Island.,Agrahara Dasarahalli
veterinary,Anti Rabies Vaccination of stray dogs,Chokkasandra
veterinary,Animal birth control/neutering of stray dogs,Garudacharpalya
Lakes,Lake not maintained properly,Rajarajeshwari Nagar
veterinary,Stray/Rabid dog bite,Yeshwanthpur
Parks and Play grounds,Issues Related to Parks/Medians/Circles/Island.,Jayamahal
Solid Waste (Garbage) Related,Burning of Garbage in Open Space,Chowdeshwari Ward
E khata / Khata services,Technical Issue In Ekhata,Vrushabhavati Nagar
Solid Waste (Garbage) Related,Sweeping not done,Hosakerehalli
E khata / Khata services,Ekhata Other corrections,J.P.Park
E khata / Khata services,Ekhata Other corrections,Bilekahalli
Electrical,Street Lights Switched On During Day Time,Kengeri
Electrical,Park Lights Not Working,Vidyapeetha
veterinary,Dog bite pet dog,A.Narayanapura
Health Dept,Unhygienic premises in Hotel etc,Chamrajpet
Revenue Department,Discrepancy In Khata Certificate and Khata Extract,Hoodi
veterinary,Dog bite pet dog,Shettyhalli
E khata / Khata services,ekhata approval pending with ARO,Hongasandra
Road Maintenance(Engg),Road cutting,Rajaji Nagar
Road Maintenance(Engg),Road side drains,Karisandra
veterinary,Animal birth control/neutering of stray dogs,Sarakki
veterinary,Fatally injured - Needs immediate attention,Marenahalli
Road Maintenance(Engg),Road side drains,Subramanya Nagar
Storm  Water Drain(SWD),Maintenance of SWD,Shanthala Nagar
Forest,obstructions Branches / Trees.,Dr.Rajkumar Ward
Electrical,Requirement For New Street Lights,Byatarayanapura
Forest,Removal of dead/fallen trees,Kuvempu Nagar
Road Maintenance(Engg),UnAuthorised Constructions,Vignana Nagar
Health Dept,Spraying,Shanthi Nagar
Health Dept,Unhygienic premises in Hotel etc,Ulsoor
Forest,obstructions Branches / Trees.,Puttenahalli
Health Dept,Unhygienic premises in Hotel etc,Hoysala Nagar
Electrical,Street Lights Switched On During Day Time,Yelachenahalli
E khata / Khata services,Ekhata missing in online,Bharathi Nagar
Road Infrastructure,Road Infrastructure,Kavalbyrasandra
Forest,Removal of dead/fallen trees,Basaveshwara Nagar
veterinary,Stray/Rabid dog bite,Cottonpet
veterinary,Dog, cat Poor conditions / Breeding license validation,Anjanapur
Road Maintenance(Engg),UnAuthorised Constructions,Hoodi
Solid Waste (Garbage) Related,Garbage dump,Sri Rammandira
veterinary,Animal birth control/neutering of stray dogs,Mathikere
veterinary,Pet dog licence,Hoysala Nagar
Solid Waste (Garbage) Related,Dead animal(s),Vidyapeetha
Lakes,Insufficient lake security personnel,Varthur
Road Maintenance(Engg),Road cutting,Vijanapura
Town Planning,Noise during Building Construction,Benniganahalli
veterinary,Fatally injured - Needs immediate attention,Bilekahalli
Electrical,Open Electrical Junction Box,Pattabhiram Nagar
veterinary,Anti Rabies Vaccination of stray dogs,Devasandra
Road Maintenance(Engg),water stagnation,Gottigere
veterinary,Animal birth control/neutering of stray dogs,Devasandra
Lakes,Sewage inflow to lake,Vignana Nagar
Solid Waste (Garbage) Related,Dead animal(s),Shiva Nagar
Solid Waste (Garbage) Related,Garbage vehicle not arrived,Neelasandra
Electrical,Street Lights Switched On During Day Time,Basaveshwara Nagar
Indira Canteen,Staff Related,Puttenahalli
veterinary,Animal birth control/neutering of stray dogs,Hosakerehalli
Solid Waste (Garbage) Related,Complaint against SW collector/ SWM official for violation of SWM Rules,Pattabhiram Nagar
Road Maintenance(Engg),Overhanging cables,HBR Layout
Solid Waste (Garbage) Related,Sweeping not done,Gandhi Nagar
Solid Waste (Garbage) Related,Public dustbins not cleaned,Sri Rammandira
Electrical,Earthing Issue relate to Electric Poles/Panel Boards,Muneshwara Nagar
veterinary,Animal Rescue - Not well - Requires attention,Madiwala
Road Infrastructure,Road Infrastructure,K.R.Puram
Road Maintenance(Engg),Road side drains,Peenya Industrial Area
Solid Waste (Garbage) Related,Garbage dumping in vacant sites,J.P.Nagar
Lakes,Dying of fishes in lake,Horamavu
Call Center,others,Konena Agrahara
Road Infrastructure,Road Infrastructure,Chikkalasandra
Health Dept,Indira Canteen,Thanisandra
Traffic Engineer Cell (TEC),TEC,Someshwara
CORONA COVID19,Some other person affected from COVID,HBR Layout
Electrical,Earthing Issue relate to Electric Poles/Panel Boards,Chokkasandra
Others,Others,Neelasandra
Revenue Department,Khata Services (Registration, Transfer, Bifurcation and Amalgamation),Yelahanka old Satellite Town
veterinary,Feeder Harassment by Association / Gated Community,Kadugondanahalli
veterinary,Fatally injured - Needs immediate attention,Sanjay Nagar
Others,Others,Sampangiram Nagar
Markets,Illegal Parking,Visvesvarapuram
Health Dept,Increase in mosquito density,Rajagopala Nagar
Others,Others,Jalahalli
Electrical,Park Lights Not Working,Pattabhiram Nagar
Road Maintenance(Engg),Debris Removal / Construction Material,Marenahalli
Health Dept,Spraying,Thanisandra
Solid Waste (Garbage) Related,Public dustbins not cleaned,C.V.Raman Nagar
Town Planning,Construction not done as per approved plan (Building Bye Law Violations),Yelachenahalli
Road Maintenance(Engg),water stagnation,Vasanthapura
Health Dept,Air/Noise pollution,J.P.Nagar
Solid Waste (Garbage) Related,Sweeping not done,Manorayanapalya
Lakes,Dumping of garbage into lake,Basavanapura
Road Maintenance(Engg),UnAuthorised Constructions,Kavalbyrasandra
Road Maintenance(Engg),Footpath,Thanisandra
Parks and Play grounds,Issues Related to Parks/Medians/Circles/Island.,Varthur
Lakes,Lake not maintained properly,Vignana Nagar
Solid Waste (Garbage) Related,Dead animal(s),A.Narayanapura
Health Dept,Increase in mosquito density,Rajamahal
veterinary,Fatally injured - Needs immediate attention,Domlur
Solid Waste (Garbage) Related,Garbage vehicle not arrived,Basaveshwara Nagar
Road Maintenance(Engg),water stagnation,Shakambari Nagar
Electrical,Street Lights Switched On During Day Time,Moodalapalya
Parks and Play grounds,Issues Related to Parks/Medians/Circles/Island.,Shettyhalli
Electrical,Street Lights Switched On During Day Time,Banaswadi
Road Maintenance(Engg),Road side drains,Deepanjali Nagar
Electrical,Street Lights Switched On During Day Time,Gurappanapalya
veterinary,Mutton/Chicken/fish stall Unhygienic maintenance,Vishwanathnagenahalli
Lakes,Lake gates are not opened as per the prescribed timing,HSR Layout
Traffic Engineer Cell (TEC),TEC,Yelahanka old Satellite Town
Road Maintenance(Engg),Footpath,Kavalbyrasandra
Health Dept,Increase in mosquito density,Gandhi Nagar
Forest,obstructions Branches / Trees.,Gangenahalli
Solid Waste (Garbage) Related,Public dustbins not cleaned,Basavanagudi
Electrical,Street Lights Switched On During Day Time,Hemmigepura
Electrical,Street Lights Switched On During Day Time,Shakthiganapathi Nagar
Advertisement,Flex and banners,Maruthi Mandira Ward
Water Crisis,Water related issue,Manorayanapalya
Solid Waste (Garbage) Related,Complaint against SW collector/ SWM official for violation of SWM Rules,Gurappanapalya
Town Planning,Delay in issuing building permit,Vasanthapura
veterinary,Animal Cruelty/Ill-Treated / Abused,Shanthi Nagar
Electrical,Park Lights Not Working,Benniganahalli
Forest,obstructions Branches / Trees.,Adugodi
Road Infrastructure,Road Infrastructure,Vidyapeetha
Road Maintenance(Engg),footpath encroachment,Nagavara
veterinary,Anti Rabies Vaccination of stray dogs,Vidyapeetha
Storm  Water Drain(SWD),Sewerage water left in SWD,HAL Airport
Lakes,Lake not maintained properly,Jakkur
veterinary,Mutton/Chicken/fish stall Unhygienic maintenance,Peenya Industrial Area
Solid Waste (Garbage) Related,Public dustbins not cleaned,Jogupalya
Road Maintenance(Engg),Road cutting,Vidyapeetha
Storm  Water Drain(SWD),Sewerage water left in SWD,Radhakrishna Temple
Revenue Department,Khata Services (Registration, Transfer, Bifurcation and Amalgamation),Bilekahalli
Road Maintenance(Engg),Overhanging cables,Banaswadi
Road Maintenance(Engg),Debris Removal / Construction Material,Lakshmidevi Nagar
Revenue Department,Khata Services (Registration, Transfer, Bifurcation and Amalgamation),Agaram
Solid Waste (Garbage) Related,Garbage nuisance while transporting,Jnanabharathi Ward
Electrical,Open Electrical Junction Box,Kammanahalli
Revenue Department,Khata Services (Registration, Transfer, Bifurcation and Amalgamation),Hoysala Nagar
Indira Canteen,Others,HSR Layout
Revenue Department,Khata Services (Registration, Transfer, Bifurcation and Amalgamation),Radhakrishna Temple
Property Tax services,Property tax owner name not updated,HBR Layout
Property Tax services,unable to generate property tax challan,HBR Layout
Parks and Play grounds,Issues Related to Parks/Medians/Circles/Island.,C.V.Raman Nagar
Revenue Department,Unable to Generate the receipt after property tax payment.,Hombegowda Nagar
Traffic Engineer Cell (TEC),TEC,Rajagopala Nagar
Revenue Department,Khata Services (Registration, Transfer, Bifurcation and Amalgamation),Hombegowda Nagar
Town Planning,UnAuthorised Building Constructions,Uttarahalli
Solid Waste (Garbage) Related,Garbage dumping in vacant sites,Koramangala
Health Dept,Fogging,Doddanekkundi
Parks and Play grounds,Issues Related to Parks/Medians/Circles/Island.,Subramanya Nagar
Others,Others,Hampi Nagar
Road Maintenance(Engg),UnAuthorised Constructions,Jnanabharathi Ward
Parks and Play grounds,Gym/Children Play equipment in the parks,J.P.Park
veterinary,Stray/Rabid dog bite,Thanisandra
Traffic Engineer Cell (TEC),TEC,Jakkur
Others,Others,Rajagopala Nagar
Road Maintenance(Engg),water leakage on road,Byrasandra
veterinary,Stray cattle related complaints,Neelasandra
Road Maintenance(Engg),water stagnation,Dodda Bidarkallu
Health Dept,Increase in mosquito density,Basavanagudi
veterinary,Illegal pet shop / Animal cruelty / license check,Banaswadi
Sanitation,Urination in Public/Open Defecation,Dodda Bidarkallu
veterinary,Anti Rabies Vaccination of stray dogs,Ganga Nagar
E khata / Khata services,Ekhata missing in online,Rajaji Nagar
Solid Waste (Garbage) Related,Dead animal(s),Jogupalya
Parks and Play grounds,Issues Related to Parks/Medians/Circles/Island.,Sri Nagar
veterinary,Fatally injured - Needs immediate attention,Hosahalli
Solid Waste (Garbage) Related,Complaint against SW collector/ SWM official for violation of SWM Rules,Dharmarayaswamy Temple Ward
Advertisement,Flex and banners,Govindraja Nagara
veterinary,Dog, cat Poor conditions / Breeding license validation,Jogupalya
Road Maintenance(Engg),Potholes,Dattathreya Temple
veterinary,Anti Rabies Vaccination of stray dogs,Basavanapura
Solid Waste (Garbage) Related,Complaint against SW collector/ SWM official for violation of SWM Rules,Uttarahalli
Road Maintenance(Engg),water stagnation,HBR Layout
veterinary,Animal Cruelty/Relocated,Ejipura
Revenue Department,Khata Services (Registration, Transfer, Bifurcation and Amalgamation),Herohalli
E khata / Khata services,Ekhata missing in online,Shankaramata
Revenue Department,Khata Services (Registration, Transfer, Bifurcation and Amalgamation),Sarakki
Sanitation,Urination in Public/Open Defecation,Arakere
veterinary,Stray dog related complaints,Subramanya Nagar
Electrical,Requirement For New Street Lights,Sri Rammandira
Electrical,Street Lights Switched On During Day Time,Mallasandra
Road Maintenance(Engg),Road cutting,Bharathi Nagar
Parks and Play grounds,Inspection not done,Kottigepalya
Solid Waste (Garbage) Related,Dead animal(s),Hoysala Nagar
veterinary,Dog, cat Poor conditions / Breeding license validation,Dodda Bidarkallu
Solid Waste (Garbage) Related,Sweeping not done,Vannarpet
Parks and Play grounds,Issues Related to Parks/Medians/Circles/Island.,Agaram
veterinary,Awareness session / Request for a session,Basavanagudi
Health Dept,Unhygienic premises in Hotel etc,Dodda Bidarkallu
veterinary,Fatally injured - Needs immediate attention,Dayananda Nagar
Others,Others,Siddapura
E khata / Khata services,Ekhata Other corrections,Byatarayanapura
Electrical,Open Electrical Junction Box,Begur
Parks and Play grounds,Issues Related to Parks/Medians/Circles/Island.,Kadugondanahalli
veterinary,Animal Rescue - Not well - Requires attention,Vishwanathnagenahalli
Revenue Department,Discrepancy In Khata Certificate and Khata Extract,Devarajeevanahalli
veterinary,Dog bite pet dog,Bilekahalli
Traffic Engineer Cell (TEC),TEC,Vidyaranyapura
Parks and Play grounds,Gym/Children Play equipment in the parks,HSR Layout
veterinary,Animal Rescue - Not well - Requires attention,Byatarayanapura
veterinary,Street dogs attacking-pet Dogs,Horamavu
Road Maintenance(Engg),Debris Removal / Construction Material,Ganeshmandira Ward
Road Maintenance(Engg),Road side drains,Malleshwaram
Health Dept,Air/Noise pollution,Jayachamarajendra Nagar
Storm  Water Drain(SWD),Garbage thrown in storm water drain,Sampangiram Nagar
Solid Waste (Garbage) Related,Public dustbins not cleaned,Hombegowda Nagar
Road Maintenance(Engg),Debris Removal / Construction Material,Shanthala Nagar
Health Dept,Delay in issue of Trade licence,Newthippasandra
Sanitation,Urination in Public/Open Defecation,Byatarayanapura
veterinary,Fatally injured - Needs immediate attention,HBR Layout
Town Planning,UnAuthorised Building Constructions,Byatarayanapura
Electrical,Requirement For New Street Lights,Jogupalya
veterinary,Stray dog related complaints,Kacharakanahalli
Parks and Play grounds,Issues Related to Parks/Medians/Circles/Island.,Yelachenahalli
Forest,obstructions Branches / Trees.,Vijanapura
Storm  Water Drain(SWD),Sewerage water left in SWD,Kacharakanahalli
Health Dept,Increase in mosquito density,Kacharakanahalli
Solid Waste (Garbage) Related,Complaint against SW collector/ SWM official for violation of SWM Rules,Mahalakshmipuram
veterinary,Animal birth control/neutering of stray dogs,Marathalli
Road Maintenance(Engg),UnAuthorised Constructions,Sarakki
Solid Waste (Garbage) Related,Complaint against SW collector/ SWM official for violation of SWM Rules,Manorayanapalya
veterinary,Animal birth control/neutering of stray dogs,Sanjay Nagar
Road Maintenance(Engg),water stagnation,Padmanabha Nagar
Parks and Play grounds,Play Grounds,Bilekahalli
veterinary,Animal Rescue - Not well - Requires attention,Sanjay Nagar
Solid Waste (Garbage) Related,Complaint against SW collector/ SWM official for violation of SWM Rules,Vasanthapura
Road Maintenance(Engg),water leakage on road,Kengeri
Parks and Play grounds,Gym/Children Play equipment in the parks,Bilekahalli
Solid Waste (Garbage) Related,Dead animal(s),Agrahara Dasarahalli
Storm  Water Drain(SWD),Maintenance of SWD,Marathalli
Parks and Play grounds,Gym/Children Play equipment in the parks,Mangammanapalya
Markets,Encroachment,Visvesvarapuram
Storm  Water Drain(SWD),Garbage thrown in storm water drain,Hoodi
Road Maintenance(Engg),water leakage on road,Hemmigepura
Solid Waste (Garbage) Related,Garbage transfer not as per norms & area not kept clean,Kavalbyrasandra
Storm  Water Drain(SWD),Sewerage water left in SWD,Nagavara
Electrical,Park Lights Not Working,Sampangiram Nagar
Solid Waste (Garbage) Related,Garbage nuisance while transporting,Nagavara
Parks and Play grounds,Issues Related to Parks/Medians/Circles/Island.,Vannarpet
Sanitation,Urination in Public/Open Defecation,Hemmigepura
Water Crisis,Water related issue,Shettyhalli
Solid Waste (Garbage) Related,Garbage nuisance while transporting,Kushal Nagar
veterinary,Stray/Rabid dog bite,Marathalli
Optical Fiber Cables (OFC),Without permission digging of road,Deepanjali Nagar
veterinary,Anti Rabies Vaccination of stray dogs,Yelahanka old Satellite Town
Electrical,Street Lights Switched On During Day Time,Hebbal
Solid Waste (Garbage) Related,Garbage nuisance while transporting,Chamrajpet
Parks and Play grounds,Issues Related to Parks/Medians/Circles/Island.,Ejipura
Electrical,Earthing Issue relate to Electric Poles/Panel Boards,Chowdeshwari Ward
Health Dept,Zonal Violation of the Building,Hagadooru
Solid Waste (Garbage) Related,Complaint against SW collector/ SWM official for violation of SWM Rules,Yelachenahalli
Health Dept,Increase in mosquito density,Mangammanapalya
Parks and Play grounds,Issues Related to Parks/Medians/Circles/Island.,Sudduguntepalya
Parks and Play grounds,Play Grounds,Devasandra
Water Crisis,Water related issue,Gottigere
Revenue Department,Khata Services (Registration, Transfer, Bifurcation and Amalgamation),Yadiyuru
Projects Central,Road furnitures,Hoodi
Revenue Department,Khata Services (Registration, Transfer, Bifurcation and Amalgamation),Deepanjali Nagar
Water Crisis,Water related issue,Hoodi
E khata / Khata services,Ekhata missing in online,Vidyapeetha
Road Maintenance(Engg),Road cutting,Jeevanbhima Nagar
Solid Waste (Garbage) Related,Public dustbins not cleaned,J.P.Nagar
Storm  Water Drain(SWD),Maintenance of SWD,Rajagopala Nagar
veterinary,Animal birth control/neutering of stray dogs,Ganeshmandira Ward
Storm  Water Drain(SWD),Maintenance of SWD,Sunkenahalli
E khata / Khata services,Ekhata - name correction,Vannarpet
Solid Waste (Garbage) Related,Garbage nuisance while transporting,Kaveripura
veterinary,Dog, cat Poor conditions / Breeding license validation,Jakkur
Town Planning,UnAuthorised Building Constructions,Dattathreya Temple
Solid Waste (Garbage) Related,Dead animal(s),Vidyaranyapura
Road Maintenance(Engg),Footpath,Jayangar
veterinary,Fatally injured - Needs immediate attention,Sarakki
Parks and Play grounds,Issues Related to Parks/Medians/Circles/Island.,Doddabommasandra
veterinary,Animal birth control/neutering of stray dogs,Vidyapeetha
veterinary,Stray/Rabid dog bite,Dattathreya Temple
Electrical,Earthing Issue relate to Electric Poles/Panel Boards,Sri Nagar
Forest,Removal of dead/fallen trees,Yelahanka old Satellite Town
E khata / Khata services,Ekhata missing in online,Aramane Nagar
Revenue Department,Khata Services (Registration, Transfer, Bifurcation and Amalgamation),HBR Layout
Revenue Department,Discrepancy In Khata Certificate and Khata Extract,Begur
Parks and Play grounds,Issues Related to Parks/Medians/Circles/Island.,Giri Nagar
E khata / Khata services,Other Khata / ekhata issues,Byatarayanapura
Town Planning,Construction not done as per approved plan (Building Bye Law Violations),Domlur
E khata / Khata services,Khata / Ekhata mutation / transfer,Bellandur
Electrical,Street Lights Switched On During Day Time,Mathikere
Solid Waste (Garbage) Related,Garbage transfer not as per norms & area not kept clean,Dr.Rajkumar Ward
E khata / Khata services,Ekhata - name correction,Yelachenahalli
Road Maintenance(Engg),Footpath,Hombegowda Nagar
Road Maintenance(Engg),footpath encroachment,Shanthala Nagar
veterinary,Street dog Adaptation process details,Koramangala
Road Maintenance(Engg),UnAuthorised Constructions,Sudam Nagar
Road Maintenance(Engg),Road side drains,Dattathreya Temple
Parks and Play grounds,Issues Related to Parks/Medians/Circles/Island.,Malleshwaram
Solid Waste (Garbage) Related,Public dustbins not cleaned,Dr.Rajkumar Ward
Electrical,Street Lights Switched On During Day Time,Begur
Advertisement,Flex and banners,Sampangiram Nagar
Sanitation,Public toilet(s) blockage,Uttarahalli
veterinary,Fatally injured - Needs immediate attention,Chokkasandra
Revenue Department,Discrepancy In Khata Certificate and Khata Extract,Domlur
Health Dept,Air/Noise pollution,Gangenahalli
veterinary,Fatally injured - Needs immediate attention,Attiguppe
Road Maintenance(Engg),Potholes,Newthippasandra
Road Maintenance(Engg),Road side drains,Yelachenahalli
Road Infrastructure,Road Infrastructure,Hombegowda Nagar
Road Maintenance(Engg),Road side drains,Lakshmidevi Nagar
Forest,obstructions Branches / Trees.,Varthur
Road Maintenance(Engg),Footpath,T-Dasarahalli
Road Maintenance(Engg),Overhanging cables,Jakkur
Forest,obstructions Branches / Trees.,Marappana Palya
E khata / Khata services,Ekhata missing in online,Vijay Nagar
veterinary,Dog, cat Poor conditions / Breeding license validation,Shettyhalli
Solid Waste (Garbage) Related,Burning of Garbage in Open Space,H.M.T
Solid Waste (Garbage) Related,Sweeping not done,Ganeshmandira Ward
Traffic Engineer Cell (TEC),TEC,Vasanthapura
Solid Waste (Garbage) Related,Sweeping not done,Gayathri Nagar
Water Crisis,Water related issue,Kadugodi
Forest,Issues related Snakes/Birds/Monkeys,Mangammanapalya
Advertisement,Flex and banners,Radhakrishna Temple
Health Dept,Air/Noise pollution,Doddabommasandra
Lakes,Lake not maintained properly,Horamavu
Forest,obstructions Branches / Trees.,Ejipura
Solid Waste (Garbage) Related,Complaint against SW collector/ SWM official for violation of SWM Rules,Kempegowda Ward
Revenue Department,Khata Services (Registration, Transfer, Bifurcation and Amalgamation),Vignana Nagar
Solid Waste (Garbage) Related,Garbage transfer not as per norms & area not kept clean,Garudacharpalya
Road Maintenance(Engg),footpath encroachment,Kottigepalya
veterinary,shifting of the street dogs to other places,Byatarayanapura
Electrical,Requirement For New Street Lights,Sarvagna Nagar
veterinary,Animal birth control/neutering of stray dogs,Kengeri
Road Maintenance(Engg),water leakage on road,Shakambari Nagar
Road Maintenance(Engg),Overhanging cables,Thanisandra
Health Dept,Increase in mosquito density,Benniganahalli
Solid Waste (Garbage) Related,Burning of Garbage in Open Space,Vishwanathnagenahalli
Solid Waste (Garbage) Related,Burning of Garbage in Open Space,Yadiyuru
Parks and Play grounds,Environmental protection,Kengeri
Electrical,Requirement For New Street Lights,Shakthiganapathi Nagar
veterinary,Pet dog licence,Doddanekkundi
veterinary,Stray/Rabid dog bite,Vidyapeetha
Solid Waste (Garbage) Related,Segregation of waste is not done,Devasandra
Road Maintenance(Engg),Potholes,Aramane Nagar
Road Maintenance(Engg),UnAuthorised Constructions,Sri Nagar
Revenue Department,Khata Services (Registration, Transfer, Bifurcation and Amalgamation),C.V.Raman Nagar
Town Planning,UnAuthorised Building Constructions,Banaswadi
Road Maintenance(Engg),water stagnation,Kottigepalya
Solid Waste (Garbage) Related,Garbage dumping in vacant sites,T-Dasarahalli
Road Infrastructure,Road Infrastructure,Hosahalli
Solid Waste (Garbage) Related,Garbage vehicle not arrived,Subramanya Nagar
veterinary,Animal birth control/neutering of stray dogs,Hanumantha Nagar
Electrical,Earthing Issue relate to Electric Poles/Panel Boards,Subramanya Nagar
Solid Waste (Garbage) Related,Garbage dumping in vacant sites,Shakambari Nagar
Storm  Water Drain(SWD),Maintenance of SWD,Konena Agrahara
Others,Others,Konena Agrahara
Town Planning,UnAuthorised Building Constructions,Marappana Palya
veterinary,Fatally injured - Needs immediate attention,Lingarajapuram
Revenue Department,Discrepancy In Khata Certificate and Khata Extract,Someshwara
veterinary,Stray/Rabid dog bite,Kuvempu Nagar
veterinary,Fatally injured - Needs immediate attention,Basaveshwara Nagar
Forest,Removal of dead/fallen trees,Gangenahalli
Town Planning,Construction not done as per approved plan (Building Bye Law Violations),Bagalagunte
Electrical,Park Lights Not Working,Banaswadi
E khata / Khata services,Ekhata missing in online,Kavalbyrasandra
Solid Waste (Garbage) Related,Garbage nuisance while transporting,Begur
E khata / Khata services,ekhata approval pending with ARO,Jnanabharathi Ward
veterinary,Fatally injured - Needs immediate attention,Govindraja Nagara
E khata / Khata services,Ekhata missing in online,Vasanth Nagar
E khata / Khata services,new Khata / Ekhata registration / creation,Shiva Nagar
E khata / Khata services,Ekhata Area Correction,Sanjay Nagar
Sanitation,Urination in Public/Open Defecation,Shakambari Nagar
E khata / Khata services,Ekhata missing in online,Bommanahalli
Health Dept,Dengue positive,Rayapuram
Health Dept,Dengue positive,Dattathreya Temple
Road Maintenance(Engg),footpath encroachment,Sudam Nagar
veterinary,Fatally injured - Needs immediate attention,Shiva Nagar
Road Maintenance(Engg),Road side drains,Hosahalli
veterinary,Fatally injured - Needs immediate attention,Someshwara
veterinary,Stray dog related complaints,Dayananda Nagar
Town Planning,Construction not done as per approved plan (Building Bye Law Violations),Jayachamarajendra Nagar
E khata / Khata services,new Khata / Ekhata registration / creation,Uttarahalli
veterinary,Anti Rabies Vaccination of stray dogs,Jakkur
Advertisement,Flex and banners,Kengeri
Parks and Play grounds,Gym/Children Play equipment in the parks,Chamrajpet
Road Maintenance(Engg),Potholes,Kammanahalli
Indira Canteen,Food Quality,Ramamurthy Nagar
veterinary,Fatally injured - Needs immediate attention,HSR Layout
Solid Waste (Garbage) Related,Dead animal(s),Yelachenahalli
Indira Canteen,Cleanliness,Ramamurthy Nagar
Road Maintenance(Engg),UnAuthorised Constructions,Shanthala Nagar
veterinary,Animal Rescue - Not well - Requires attention,Vijay Nagar
E khata / Khata services,Khata / Ekhata mutation / transfer,Ganeshmandira Ward
Solid Waste (Garbage) Related,Garbage dumping in vacant sites,Govindraja Nagara
Solid Waste (Garbage) Related,Garbage nuisance while transporting,Kuvempu Nagar
Road Maintenance(Engg),Potholes,Kadugondanahalli
Road Maintenance(Engg),Debris Removal / Construction Material,Bapuji Nagar
E khata / Khata services,Ekhata in previous owner name,Hosahalli
E khata / Khata services,Technical Issue In Ekhata,NON Ward
veterinary,Fatally injured - Needs immediate attention,Hombegowda Nagar
Solid Waste (Garbage) Related,Complaint against SW collector/ SWM official for violation of SWM Rules,Newthippasandra
Forest,Removal of dead/fallen trees,Hegganahalli
Road Maintenance(Engg),Debris Removal / Construction Material,Chowdeshwari Ward
Solid Waste (Garbage) Related,Garbage nuisance while transporting,Gangenahalli
Forest,Removal of dead/fallen trees,Sudduguntepalya
Solid Waste (Garbage) Related,Garbage transfer not as per norms & area not kept clean,Gangenahalli
Projects Central,Drainage blockage,BTM Layout
veterinary,Fatally injured - Needs immediate attention,Sagayapuram
Road Maintenance(Engg),Potholes,Giri Nagar
Road Maintenance(Engg),Road side drains,Sri Rammandira
Road Maintenance(Engg),UnAuthorised Constructions,Giri Nagar
Health Dept,Increase in mosquito density,Herohalli
Road Infrastructure,Road Infrastructure,Vrushabhavati Nagar
Road Maintenance(Engg),water leakage on road,Kottigepalya
veterinary,Animal birth control/neutering of stray dogs,Byatarayanapura
Lakes,Dying of fishes in lake,BTM Layout
Solid Waste (Garbage) Related,Dead animal(s),Bagalagunte
Indira Canteen,Food Quality,HSR Layout
veterinary,Fatally injured - Needs immediate attention,T-Dasarahalli
veterinary,Stray/Rabid dog bite,Vignana Nagar
Road Maintenance(Engg),Potholes,Konena Agrahara
Storm  Water Drain(SWD),Maintenance of SWD,C.V.Raman Nagar
Lakes,Sewage inflow to lake,Kempegowda Ward
Road Infrastructure,Road Infrastructure,Kamakshipalya
Water Crisis,Water related issue,Varthur
Health Dept,Increase in mosquito density,Shakthiganapathi Nagar
Forest,Removal of dead/fallen trees,Shakthiganapathi Nagar
veterinary,Illegal pet shop / Animal cruelty / license check,BTM Layout
Forest,Removal of dead/fallen trees,Vignana Nagar
E khata / Khata services,Ekhata in previous owner name,Begur
Storm  Water Drain(SWD),Garbage thrown in storm water drain,Benniganahalli
Revenue Department,Khata Services (Registration, Transfer, Bifurcation and Amalgamation),Ganga Nagar
veterinary,Request for ABC,Chikpete
veterinary,shifting of the street dogs to other places,Ramamurthy Nagar
veterinary,Anti Rabies Vaccination of stray dogs,HSR Layout
Solid Waste (Garbage) Related,Burning of Garbage in Open Space,Sudduguntepalya
Others,Others,Bharathi Nagar
Solid Waste (Garbage) Related,Sweeping not done,BTM Layout
veterinary,Anti Rabies Vaccination of stray dogs,Lingarajapuram
Parks and Play grounds,Play Grounds,Govindraja Nagara
Road Maintenance(Engg),Potholes,Jayangar
Solid Waste (Garbage) Related,Complaint against SW collector/ SWM official for violation of SWM Rules,Vidyaranyapura
Road Maintenance(Engg),water leakage on road,Byatarayanapura
Health Dept,Fogging,Singasandra
Others,Others,Lakshmidevi Nagar
Electrical,Park Lights Not Working,Maruthi Mandira Ward
Revenue Department,Khata Services (Registration, Transfer, Bifurcation and Amalgamation),Karisandra
Road Maintenance(Engg),Road side drains,Kempegowda Ward
veterinary,Anti Rabies Vaccination of stray dogs,Sunkenahalli
veterinary,Stray cattle related complaints,Kammanahalli
Solid Waste (Garbage) Related,Burning of Garbage in Open Space,Kadugondanahalli
veterinary,Stray dog related complaints,Kempapura Agrahara
veterinary,Feeder Harassment by Association / Gated Community,Konanakunte
Road Infrastructure,Road Infrastructure,Ganga Nagar
Health Dept,Increase in mosquito density,Jayangar
Others,Others,Marathalli
Road Infrastructure,Road Infrastructure,Madiwala
E khata / Khata services,Ekhata missing in online,Varthur
veterinary,Dog, cat Poor conditions / Breeding license validation,Rajarajeshwari Nagar
veterinary,Stray/Rabid dog bite,Garudacharpalya
Solid Waste (Garbage) Related,Garbage vehicle not arrived,Agaram
Solid Waste (Garbage) Related,Sweeping not done,Kadugodi
veterinary,Street dogs attacking-pet Dogs,Chikpete
Forest,Issues related Snakes/Birds/Monkeys,Basavanapura
veterinary,Dog, cat Poor conditions / Breeding license validation,Rayapuram
Storm  Water Drain(SWD),Maintenance of SWD,Jogupalya
Forest,obstructions Branches / Trees.,Shivaji Nagar
Road Maintenance(Engg),Road side drains,Jaraganahalli
Town Planning,UnAuthorised Building Constructions,Subramanya Nagar
Town Planning,Construction not done as per approved plan (Building Bye Law Violations),Subramanya Nagar
Road Maintenance(Engg),Potholes,Kushal Nagar
Road Maintenance(Engg),water stagnation,Nagavara
veterinary,Animal Cruelty/Ill-Treated / Abused,Arakere
Forest,Removal of dead/fallen trees,Agrahara Dasarahalli
Property Tax services,Other property tax issues,Horamavu
Solid Waste (Garbage) Related,Garbage dumping in vacant sites,Vijay Nagar
E khata / Khata services,Ekhata missing in online,Attiguppe
veterinary,Stray cattle related complaints,Thanisandra
Solid Waste (Garbage) Related,Public dustbins not cleaned,Gottigere
Electrical,Open Electrical Junction Box,BTM Layout
Road Maintenance(Engg),Debris Removal / Construction Material,Kempegowda Ward
Sanitation,Urination in Public/Open Defecation,Someshwara
E khata / Khata services,Ekhata missing in online,Kacharakanahalli
Health Dept,Fogging,Nagapura
Health Dept,Dengue positive,Jayanagar East
E khata / Khata services,ekhata approval pending with ARO,Sarvagna Nagar
veterinary,Anti Rabies Vaccination of stray dogs,Rajaji Nagar
Solid Waste (Garbage) Related,Garbage vehicle not arrived,Binnipet
Solid Waste (Garbage) Related,Garbage dumping in vacant sites,Kammanahalli
Road Maintenance(Engg),water stagnation,Binnipet
Town Planning,UnAuthorised Building Constructions,Shanthala Nagar
Property Tax services,Unable to generate receipt after property tax payment,HBR Layout
veterinary,Stray dog related complaints,Chamrajpet
Solid Waste (Garbage) Related,Complaint against SW collector/ SWM official for violation of SWM Rules,Doddabommasandra
Others,Others,Nandini Layout
Projects Central,Road furnitures,Koramangala
E khata / Khata services,Other Khata / ekhata issues,Maruthi Mandira Ward
veterinary,Animal birth control/neutering of stray dogs,Bilekahalli
E khata / Khata services,new Khata / Ekhata registration / creation,Rajarajeshwari Nagar
veterinary,Animal birth control/neutering of stray dogs,Sri Nagar
Solid Waste (Garbage) Related,Garbage dumping in vacant sites,Chikkalasandra
Road Maintenance(Engg),water stagnation,Siddapura
Traffic Engineer Cell (TEC),TEC,HAL Airport
Health Dept,Air/Noise pollution,Lakshmidevi Nagar
Revenue Department,Discrepancy In Khata Certificate and Khata Extract,Bellandur
Road Maintenance(Engg),water stagnation,Karisandra
veterinary,Animal Rescue - Not well - Requires attention,Sarvagna Nagar
E khata / Khata services,Ekhata - name correction,Varthur
Road Maintenance(Engg),water stagnation,BTM Layout
Electrical,Street Lights Switched On During Day Time,Madiwala
Road Maintenance(Engg),water stagnation,A.Narayanapura
E khata / Khata services,Ekhata Area Correction,K.R.Market
Road Maintenance(Engg),footpath encroachment,Kuvempu Nagar
Others,Others,Karisandra
Storm  Water Drain(SWD),Maintenance of SWD,Shettyhalli
Advertisement,Flex and banners,Rajaji Nagar
Road Maintenance(Engg),water leakage on road,Kavalbyrasandra
Road Maintenance(Engg),water stagnation,Vijanapura
Solid Waste (Garbage) Related,Sweeping not done,Dattathreya Temple
Solid Waste (Garbage) Related,Sweeping not done,Chokkasandra
veterinary,Animal Rescue - Not well - Requires attention,Ejipura
Road Maintenance(Engg),UnAuthorised Constructions,Vidyapeetha
Road Maintenance(Engg),Potholes,Katriguppe
veterinary,Anti Rabies Vaccination of stray dogs,Vignana Nagar
Health Dept,Air/Noise pollution,Sunkenahalli
veterinary,Stray/Rabid dog bite,Kamakshipalya
Water Crisis,Water related issue,Lakshmidevi Nagar
Road Maintenance(Engg),Footpath,Puttenahalli
E khata / Khata services,Ekhata - name correction,Byatarayanapura
Solid Waste (Garbage) Related,Garbage vehicle not arrived,Karisandra
veterinary,Stray/Rabid dog bite,Chalavadipalya
veterinary,Stray dog related complaints,Mahalakshmipuram
Electrical,Park Lights Not Working,Radhakrishna Temple
Road Maintenance(Engg),water stagnation,Hoysala Nagar
Solid Waste (Garbage) Related,Public dustbins not cleaned,HBR Layout
Solid Waste (Garbage) Related,Complaint against SW collector/ SWM official for violation of SWM Rules,Ramamurthy Nagar
Road Infrastructure,Road Infrastructure,Jnanabharathi Ward
Solid Waste (Garbage) Related,Complaint against SW collector/ SWM official for violation of SWM Rules,Karisandra
Health Dept,Fogging,Begur
veterinary,Stray/Rabid dog bite,Byatarayanapura
Road Maintenance(Engg),Potholes,Vijanapura
Forest,Removal of dead/fallen trees,Kushal Nagar
Lakes,Dumping of garbage into lake,Herohalli
Solid Waste (Garbage) Related,Burning of Garbage in Open Space,Dr.Rajkumar Ward
Forest,Removal of dead/fallen trees,Karisandra
Solid Waste (Garbage) Related,Segregation of waste is not done,Attiguppe
Storm  Water Drain(SWD),Sewerage water left in SWD,Horamavu
veterinary,Stray dog related complaints,Ramaswamy Palya
Solid Waste (Garbage) Related,Public dustbins not cleaned,Madiwala
Road Maintenance(Engg),Potholes,Ganga Nagar
Optical Fiber Cables (OFC),Without permission digging of road,Horamavu
Road Infrastructure,Road Infrastructure,S.K.Garden
Solid Waste (Garbage) Related,Garbage dumping in vacant sites,Kadugondanahalli
Revenue Department,Unable to generate the property tax challan,Uttarahalli
Health Dept,Spraying,Jakkur
Road Maintenance(Engg),Potholes,Rajamahal
Sanitation,Urination in Public/Open Defecation,Kuvempu Nagar
Electrical,Earthing Issue relate to Electric Poles/Panel Boards,Shiva Nagar
Solid Waste (Garbage) Related,Public dustbins not cleaned,Kadugondanahalli
Road Maintenance(Engg),water stagnation,Hemmigepura
Road Maintenance(Engg),Road side drains,Gandhi Nagar
veterinary,Stray dog related complaints,Sudam Nagar
Health Dept,Fogging,Vijay Nagar
Call Center,others,Jnanabharathi Ward
Storm  Water Drain(SWD),Garbage thrown in storm water drain,Byatarayanapura
Others,Others,Vijanapura
veterinary,Stray dog related complaints,Vijay Nagar
Road Maintenance(Engg),water stagnation,Ullalu
Road Maintenance(Engg),water stagnation,Yelachenahalli
Storm  Water Drain(SWD),Sewerage water left in SWD,Hosahalli
Advertisement,Unsafe Hoardings,Doddanekkundi
Road Maintenance(Engg),water stagnation,Bagalagunte
Health Dept,Unhygienic premises in Hotel etc,Kottigepalya
Plastic,Use of banned single use plastic,Kottigepalya
Solid Waste (Garbage) Related,Segregation of waste is not done,Kottigepalya
Road Maintenance(Engg),footpath encroachment,Malleshwaram
Traffic Engineer Cell (TEC),TEC,Gottigere
Health Dept,Dengue positive,Sampangiram Nagar
Health Dept,Dengue positive,Vishwanathnagenahalli
Health Dept,Dengue positive,Dodda Bidarkallu
Health Dept,Dengue positive,Pulikeshi Nagar
E khata / Khata services,Ekhata Other corrections,Koramangala
Storm  Water Drain(SWD),Maintenance of SWD,Vannarpet
E khata / Khata services,Ekhata Area Correction,J.P.Nagar
Road Maintenance(Engg),Debris Removal / Construction Material,Mahalakshmipuram
Health Dept,Dengue positive,Begur
E khata / Khata services,Ekhata missing in online,Visvesvarapuram
Road Maintenance(Engg),Road cutting,Vasanth Nagar
Road Maintenance(Engg),water stagnation,Rayapuram
veterinary,Stray cattle related complaints,HBR Layout
Road Maintenance(Engg),water stagnation,Shiva Nagar
Electrical,Earthing Issue relate to Electric Poles/Panel Boards,Kottigepalya
Road Maintenance(Engg),water stagnation,Newthippasandra
Electrical,Earthing Issue relate to Electric Poles/Panel Boards,Hoysala Nagar
E khata / Khata services,Ekhata - name correction,Kacharakanahalli
Property Tax services,Issues in property tax portal,Marenahalli
Road Maintenance(Engg),Road side drains,Yeshwanthpur
Storm  Water Drain(SWD),Maintenance of SWD,Vijanapura
veterinary,Stray dog related complaints,Domlur
Road Maintenance(Engg),water stagnation,Kempegowda Ward
Road Maintenance(Engg),water stagnation,Yelahanka old Satellite Town
Road Maintenance(Engg),Debris Removal / Construction Material,Visvesvarapuram
veterinary,Anti Rabies Vaccination of stray dogs,Sagayapuram
Road Maintenance(Engg),water leakage on road,Basaveshwara Nagar
Road Maintenance(Engg),water stagnation,Chokkasandra
Water Crisis,Water related issue,Kammanahalli
Health Dept,Unavailability of staff,Nandini Layout
Solid Waste (Garbage) Related,Garbage transfer not as per norms & area not kept clean,Kacharakanahalli
veterinary,Dog, cat Poor conditions / Breeding license validation,Sarvagna Nagar
veterinary,Stray dog related complaints,Muneshwara Nagar
veterinary,Dog, cat Poor conditions / Breeding license validation,Chamrajpet
E khata / Khata services,Ekhata - name correction,Ganeshmandira Ward
Road Maintenance(Engg),water stagnation,Doddabommasandra
veterinary,Aged street dogs please take action,Nayandanahalli
Health Dept,Increase in mosquito density,Banaswadi
Road Maintenance(Engg),Road cutting,Sri Nagar
Solid Waste (Garbage) Related,Complaint against SW collector/ SWM official for violation of SWM Rules,Pulikeshi Nagar
Storm  Water Drain(SWD),Maintenance of SWD,Gangenahalli
veterinary,Fatally injured - Needs immediate attention,Nagavara
veterinary,Animal Rescue - Not well - Requires attention,Moodalapalya
Health Dept,Air/Noise pollution,Arakere
Road Maintenance(Engg),footpath encroachment,Subedarapalya
E khata / Khata services,Ekhata - name correction,Kodigehalli
Health Dept,Spraying,Chikkalasandra
E khata / Khata services,Ekhata Other corrections,Marenahalli
Road Maintenance(Engg),Road cutting,Gali Anjaneya Swamy Temple Ward
Electrical,Open Electrical Junction Box,Hoodi
E khata / Khata services,Other Khata / ekhata issues,Jalahalli
Road Maintenance(Engg),Road side drains,Hombegowda Nagar
Others,Others,Maruthi Mandira Ward
Solid Waste (Garbage) Related,Complaint against SW collector/ SWM official for violation of SWM Rules,Puttenahalli
Electrical,Street Lights Switched On During Day Time,Gottigere
Road Maintenance(Engg),water stagnation,Basavanagudi
veterinary,Animal birth control/neutering of stray dogs,T-Dasarahalli
E khata / Khata services,Ekhata - name correction,HSR Layout
veterinary,Stray/Rabid dog bite,Katriguppe
ಯಾವುದೇ ಪ್ರತಿಕ್ರಿಯೆ ಇಲ್ಲ.,,
Others,Others,C.V.Raman Nagar
veterinary,Stray dog related complaints,Pulikeshi Nagar
veterinary,Stray dog related complaints,Subedarapalya
veterinary,Dog, cat Poor conditions / Breeding license validation,Hoodi
Road Infrastructure,Road Infrastructure,Nayandanahalli
Solid Waste (Garbage) Related,Complaint against SW collector/ SWM official for violation of SWM Rules,Sarakki
veterinary,Animal Cruelty/Ill-Treated / Abused,Begur
Solid Waste (Garbage) Related,Sweeping not done,Chikkalasandra
Road Maintenance(Engg),water stagnation,Herohalli
Sanitation,No water supply in public toilet(s),Bellandur
Road Maintenance(Engg),water stagnation,Jnanabharathi Ward
veterinary,Anti Rabies Vaccination of stray dogs,Rajarajeshwari Nagar
Road Maintenance(Engg),water stagnation,Madiwala
Solid Waste (Garbage) Related,Garbage dumping in vacant sites,Newthippasandra
Lakes,Lake not maintained properly,Vijanapura
Others,Others,Ganga Nagar
Others,Others,Bilekahalli
Electrical,Earthing Issue relate to Electric Poles/Panel Boards,Kodigehalli
Road Maintenance(Engg),water stagnation,Sri Rammandira
Road Maintenance(Engg),water stagnation,Lingarajapuram
Parks and Play grounds,Issues Related to Parks/Medians/Circles/Island.,Prakash Nagar
veterinary,Animal Cruelty/Ill-Treated / Abused,Ullalu
veterinary,Animal Rescue - Not well - Requires attention,Bapuji Nagar
Forest,Removal of dead/fallen trees,Bharathi Nagar
Road Maintenance(Engg),Potholes,Hombegowda Nagar
Road Maintenance(Engg),Road side drains,Subedarapalya
Storm  Water Drain(SWD),Maintenance of SWD,Kacharakanahalli
veterinary,shifting of the street dogs to other places,Doddanekkundi
Forest,Removal of dead/fallen trees,Chokkasandra
Call Center,others,Peenya Industrial Area
Road Maintenance(Engg),water stagnation,Okalipuram
E khata / Khata services,new Khata / Ekhata registration / creation,Dodda Bidarkallu
Road Maintenance(Engg),Debris Removal / Construction Material,Kempapura Agrahara
Electrical,Open Electrical Junction Box,K.R.Puram
Forest,Removal of dead/fallen trees,Chikpete
Road Maintenance(Engg),water leakage on road,Thanisandra
veterinary,Stray/Rabid dog bite,Kengeri
Road Infrastructure,Road Infrastructure,Radhakrishna Temple
Road Maintenance(Engg),Road cutting,Gandhi Nagar
veterinary,Fatally injured - Needs immediate attention,H.M.T
E khata / Khata services,Other Khata / ekhata issues,Sarakki
veterinary,shifting of the street dogs to other places,Chikpete
Road Maintenance(Engg),water stagnation,Jalahalli
veterinary,Fatally injured - Needs immediate attention,Benniganahalli
Solid Waste (Garbage) Related,Sweeping not done,Ramaswamy Palya
Solid Waste (Garbage) Related,Dead animal(s),Lakshmidevi Nagar
Forest,Removal of dead/fallen trees,Deepanjali Nagar
Road Maintenance(Engg),water stagnation,Jayamahal
Road Maintenance(Engg),water stagnation,Chalavadipalya
Lakes,Dumping of garbage into lake,Begur
Road Maintenance(Engg),water stagnation,Marappana Palya
Forest,Removal of dead/fallen trees,Vrushabhavati Nagar
Road Maintenance(Engg),Road cutting,Sudam Nagar
Road Maintenance(Engg),water stagnation,Jaraganahalli
Storm  Water Drain(SWD),Maintenance of SWD,Hoodi
Forest,Issues related Snakes/Birds/Monkeys,HSR Layout
veterinary,Aged street dogs please take action,Konanakunte
Road Maintenance(Engg),Road cutting,Subramanya Nagar
Road Maintenance(Engg),Road side drains,Shanthala Nagar
E khata / Khata services,Ekhata missing in online,Ulsoor
Electrical,Earthing Issue relate to Electric Poles/Panel Boards,Hebbal
Road Maintenance(Engg),water stagnation,Hosahalli
Parks and Play grounds,Environmental protection,Rayapuram
Road Maintenance(Engg),water stagnation,Yeshwanthpur
veterinary,Fatally injured - Needs immediate attention,Jaraganahalli
veterinary,Stray/Rabid dog bite,Vasanthapura
Road Maintenance(Engg),Debris Removal / Construction Material,Siddapura
veterinary,Anti Rabies Vaccination of stray dogs,Mahalakshmipuram
veterinary,Dog, cat Poor conditions / Breeding license validation,Nagapura
Road Maintenance(Engg),Road side drains,Kempapura Agrahara
E khata / Khata services,Ekhata - name correction,Byrasandra
veterinary,Stray dog related complaints,Shivaji Nagar
Forest,Removal of dead/fallen trees,Shivaji Nagar
Road Maintenance(Engg),water stagnation,Bapuji Nagar
Road Maintenance(Engg),Road cutting,Katriguppe
Road Maintenance(Engg),water stagnation,Sarvagna Nagar
veterinary,Animal birth control/neutering of stray dogs,Basaveshwara Nagar
veterinary,Anti Rabies Vaccination of stray dogs,Basaveshwara Nagar
veterinary,Fatally injured - Needs immediate attention,Malleshwaram
Forest,obstructions Branches / Trees.,Cottonpet
veterinary,Fatally injured - Needs immediate attention,Vijay Nagar
Health Dept,Air/Noise pollution,Siddapura
Road Maintenance(Engg),water stagnation,Vannarpet
Revenue Department,Unable to Generate the receipt after property tax payment.,C.V.Raman Nagar
Electrical,Open Electrical Junction Box,Horamavu
Plastic,Use of banned single use plastic,Newthippasandra
Solid Waste (Garbage) Related,Garbage dumping in vacant sites,Rajamahal
Solid Waste (Garbage) Related,Segregation of waste is not done,Doddabommasandra
Solid Waste (Garbage) Related,Garbage dumping in vacant sites,Vannarpet
veterinary,Animal Rescue - Not well - Requires attention,Hampi Nagar
E khata / Khata services,Ekhata Area Correction,Vidyaranyapura
Road Maintenance(Engg),Potholes,Doddabommasandra
Revenue Department,Discrepancy In Khata Certificate and Khata Extract,Garudacharpalya
Health Dept,Fogging,Yeshwanthpur
Road Maintenance(Engg),water stagnation,Ejipura
Revenue Department,Khata Services (Registration, Transfer, Bifurcation and Amalgamation),T-Dasarahalli
Road Infrastructure,Road Infrastructure,Prakash Nagar
E khata / Khata services,Ekhata missing in online,Gali Anjaneya Swamy Temple Ward
Road Maintenance(Engg),Road side drains,Chikkalasandra
Road Maintenance(Engg),water stagnation,Ulsoor
Road Maintenance(Engg),water stagnation,Hombegowda Nagar
Others,Others,Koramangala
Road Maintenance(Engg),water stagnation,Gali Anjaneya Swamy Temple Ward
Property Tax services,Issues in property tax portal,Kempegowda Ward
Road Maintenance(Engg),Road cutting,Vidyaranyapura
Water Crisis,Water related issue,Thanisandra
E khata / Khata services,ekhata approval pending with ARO,Vijay Nagar
Road Maintenance(Engg),Road side drains,Yadiyuru
Lakes,Lake not maintained properly,Gottigere
Solid Waste (Garbage) Related,Dead animal(s),J.P.Park
Road Maintenance(Engg),Footpath,Jalahalli
E khata / Khata services,Ekhata Other corrections,Malleshwaram
E khata / Khata services,Ekhata Other corrections,Konanakunte
Road Maintenance(Engg),water stagnation,T-Dasarahalli
veterinary,Aged street dogs please take action,Shettyhalli
Forest,Issues related Snakes/Birds/Monkeys,Byatarayanapura
Solid Waste (Garbage) Related,Dead animal(s),Ganga Nagar
Town Planning,Construction not done as per approved plan (Building Bye Law Violations),Jnanabharathi Ward
Health Dept,Increase in mosquito density,Subramanya Nagar
Health Dept,Air/Noise pollution,Mahalakshmipuram
Electrical,Street Lights Switched On During Day Time,Hombegowda Nagar
Advertisement,Unsafe Hoardings,Nagapura
Road Maintenance(Engg),water leakage on road,Horamavu
Forest,Issues related Snakes/Birds/Monkeys,J.P.Park
E khata / Khata services,Ekhata Other corrections,Puttenahalli
Road Maintenance(Engg),water stagnation,Cottonpet
Storm  Water Drain(SWD),Garbage thrown in storm water drain,Jakkur
Road Infrastructure,Road Infrastructure,Kadugondanahalli
veterinary,Animal birth control/neutering of stray dogs,Byrasandra
Storm  Water Drain(SWD),Garbage thrown in storm water drain,Someshwara
Welfare Schemes,Onti Mane,A.Narayanapura
Storm  Water Drain(SWD),Sewerage water left in SWD,Chowdeshwari Ward
Solid Waste (Garbage) Related,Complaint against SW collector/ SWM official for violation of SWM Rules,Malleshwaram
Road Maintenance(Engg),water stagnation,Sampangiram Nagar
Road Maintenance(Engg),UnAuthorised Constructions,Banashankari Temple Ward
Solid Waste (Garbage) Related,Garbage nuisance while transporting,Hegganahalli
Road Maintenance(Engg),water stagnation,Benniganahalli
Storm  Water Drain(SWD),Maintenance of SWD,Nagavara
Road Maintenance(Engg),water stagnation,Domlur
Traffic Engineer Cell (TEC),TEC,Kammanahalli
Electrical,Street Lights Switched On During Day Time,Kottigepalya
Health Dept,Fogging,Kengeri
veterinary,Animal birth control/neutering of stray dogs,Azad Nagar
Road Maintenance(Engg),water stagnation,Vishwanathnagenahalli
Storm  Water Drain(SWD),Sewerage water left in SWD,Nandini Layout
veterinary,Stray/Rabid dog bite,Devasandra
Road Maintenance(Engg),water stagnation,Moodalapalya
Road Maintenance(Engg),Road side drains,Ejipura
Road Maintenance(Engg),water stagnation,J.P.Park
Others,Others,Hoysala Nagar
Storm  Water Drain(SWD),Sewerage water left in SWD,Jogupalya
Road Maintenance(Engg),water leakage on road,Kodigehalli
Road Maintenance(Engg),water stagnation,Jeevanbhima Nagar
Road Maintenance(Engg),water stagnation,Pulikeshi Nagar
Water Crisis,Water related issue,Vidyaranyapura
Road Maintenance(Engg),water stagnation,Maruthi Seva Nagar
Road Maintenance(Engg),water stagnation,Anjanapur
Road Maintenance(Engg),water stagnation,Dr.Rajkumar Ward
Road Maintenance(Engg),water stagnation,Vijay Nagar
Lakes,Lake gates are not opened as per the prescribed timing,Uttarahalli
Road Maintenance(Engg),water stagnation,S.K.Garden
Electrical,Earthing Issue relate to Electric Poles/Panel Boards,Chikpete
Road Maintenance(Engg),Road side drains,Mahalakshmipuram
Road Maintenance(Engg),water stagnation,Rajamahal
Road Maintenance(Engg),water stagnation,Kavalbyrasandra
Road Maintenance(Engg),water stagnation,Sagayapuram
Health Dept,Fogging,Shanthala Nagar
Solid Waste (Garbage) Related,Complaint against SW collector/ SWM official for violation of SWM Rules,Shanthala Nagar
Others,Others,Rajaji Nagar
veterinary,Animal Death Need cremartion support,Giri Nagar
Solid Waste (Garbage) Related,Garbage dumping in vacant sites,Mahalakshmipuram
Road Maintenance(Engg),water leakage on road,Muneshwara Nagar
Health Dept,Unhygienic premises in Hotel etc,Vasanthapura
Road Maintenance(Engg),water stagnation,Malleshwaram
Estate,Encroachment,Garudacharpalya
veterinary,Anti Rabies Vaccination of stray dogs,Okalipuram
Road Maintenance(Engg),Road cutting,Giri Nagar
veterinary,Animal Cruelty/Ill-Treated / Abused,Hampi Nagar
Road Maintenance(Engg),UnAuthorised Constructions,Jayachamarajendra Nagar
Electrical,Requirement For New Street Lights,Nagavara
Others,Others,Dayananda Nagar
Road Maintenance(Engg),Footpath,Lakshmidevi Nagar
Solid Waste (Garbage) Related,Garbage transfer not as per norms & area not kept clean,Jaraganahalli
veterinary,Dog, cat Poor conditions / Breeding license validation,Kempapura Agrahara
Revenue Department,Khata Services (Registration, Transfer, Bifurcation and Amalgamation),Jakkasandra
veterinary,Dog, cat Poor conditions / Breeding license validation,Giri Nagar
veterinary,Animal Rescue - Not well - Requires attention,Kamakshipalya
veterinary,Stray dog related complaints,Sudduguntepalya
Solid Waste (Garbage) Related,Garbage transfer not as per norms & area not kept clean,A.Narayanapura
Property Tax services,Other property tax issues,Sri Nagar
Forest,Issues related Snakes/Birds/Monkeys,BTM Layout
veterinary,Feeder Harassment  by Individual / Mob but no association,Shettyhalli
veterinary,Aged street dogs please take action,Rajarajeshwari Nagar
veterinary,Fatally injured - Needs immediate attention,Katriguppe
Parks and Play grounds,Issues Related to Parks/Medians/Circles/Island.,Shankaramata
veterinary,Dog, cat Poor conditions / Breeding license validation,Karisandra
Road Maintenance(Engg),Potholes,Kaveripura
veterinary,Animal Rescue - Not well - Requires attention,Shanthi Nagar
Road Infrastructure,Road Infrastructure,Vishwanathnagenahalli
Indira Canteen,Cleanliness of Canteen /Food Area,Rajarajeshwari Nagar
Solid Waste (Garbage) Related,Public dustbins not cleaned,Shankaramata
Road Infrastructure,Road Infrastructure,Vidyaranyapura
Others,Others,Nagarabhavi
Solid Waste (Garbage) Related,Complaint against SW collector/ SWM official for violation of SWM Rules,Basavanagudi
veterinary,Stray cattle related complaints,Vasanthapura
Estate,Encroachment,Ullalu
Parks and Play grounds,Environmental protection,Chamrajpet
Others,Others,Shankaramata
Solid Waste (Garbage) Related,Garbage transfer not as per norms & area not kept clean,Ganga Nagar
Solid Waste (Garbage) Related,Burning of Garbage in Open Space,Siddapura
Solid Waste (Garbage) Related,Public dustbins not cleaned,Rajamahal
Storm  Water Drain(SWD),Garbage thrown in storm water drain,Rajamahal
Storm  Water Drain(SWD),Garbage thrown in storm water drain,Rajagopala Nagar
veterinary,Feeder Harassment  by Individual / Mob but no association,Vidyapeetha
Others,Others,Kempegowda Ward
Road Maintenance(Engg),water stagnation,Yadiyuru
Revenue Department,Khata Services (Registration, Transfer, Bifurcation and Amalgamation),Sri Rammandira
Storm  Water Drain(SWD),Maintenance of SWD,Kuvempu Nagar
veterinary,Stray dog related complaints,Rajamahal
Storm  Water Drain(SWD),Garbage thrown in storm water drain,Chikpete
Road Infrastructure,Road Infrastructure,Jayanagar East
Road Maintenance(Engg),water stagnation,Chamrajpet
veterinary,Anti Rabies Vaccination of stray dogs,Uttarahalli
Road Maintenance(Engg),Footpath,Sarakki
Solid Waste (Garbage) Related,Burning of Garbage in Open Space,Garudacharpalya
Storm  Water Drain(SWD),Garbage thrown in storm water drain,Newthippasandra
Road Maintenance(Engg),Potholes,Hampi Nagar
Solid Waste (Garbage) Related,Dead animal(s),Kamakshipalya
Revenue Department,Khata Services (Registration, Transfer, Bifurcation and Amalgamation),Shakambari Nagar
CORONA COVID19,Others,Chikpete
Forest,Issues related Snakes/Birds/Monkeys,Vidyapeetha
veterinary,Mutton/Chicken/fish stall Unhygienic maintenance,Jnanabharathi Ward
Storm  Water Drain(SWD),Maintenance of SWD,Vasanthapura
Storm  Water Drain(SWD),Sewerage water left in SWD,Kammanahalli
veterinary,Fatally injured - Needs immediate attention,Hongasandra
Electrical,Earthing Issue relate to Electric Poles/Panel Boards,Giri Nagar
Forest,Issues related Snakes/Birds/Monkeys,Doddanekkundi
Road Maintenance(Engg),water leakage on road,H.M.T
Solid Waste (Garbage) Related,Dead animal(s),Rajaji Nagar
veterinary,Stray/Rabid dog bite,Kodigehalli
Revenue Department,Discrepancy In Khata Certificate and Khata Extract,H.M.T
veterinary,Stray/Rabid dog bite,Sampangiram Nagar
Solid Waste (Garbage) Related,Garbage nuisance while transporting,Bellandur
veterinary,Animal Cruelty/Ill-Treated / Abused,Banaswadi
Solid Waste (Garbage) Related,Dead animal(s),Sri Rammandira
Town Planning,Construction not done as per approved plan (Building Bye Law Violations),Kengeri
veterinary,Fatally injured - Needs immediate attention,Ganga Nagar
veterinary,Stray dog related complaints,Binnipet
Traffic Engineer Cell (TEC),TEC,Konanakunte
veterinary,Dog bite pet dog,Hagadooru
Call Center,Call center Issues,Aramane Nagar
veterinary,Animal birth control/neutering of stray dogs,Padmanabha Nagar
Solid Waste (Garbage) Related,Complaint against SW collector/ SWM official for violation of SWM Rules,Ramaswamy Palya
Road Maintenance(Engg),Road side drains,Jayangar
Road Maintenance(Engg),Potholes,Hoysala Nagar
Revenue Department,Khata Services (Registration, Transfer, Bifurcation and Amalgamation),Govindraja Nagara
Solid Waste (Garbage) Related,Dead animal(s),Kadugondanahalli
Road Maintenance(Engg),water stagnation,Shivaji Nagar
Electrical,Street Lights Switched On During Day Time,Attiguppe
Electrical,Open Electrical Junction Box,Basavanagudi
Solid Waste (Garbage) Related,Complaint against SW collector/ SWM official for violation of SWM Rules,Ejipura
Solid Waste (Garbage) Related,Garbage dumping in vacant sites,Maruthi Mandira Ward
Call Center,others,Jalahalli
veterinary,Animal birth control/neutering of stray dogs,Shiva Nagar
Solid Waste (Garbage) Related,Dead animal(s),Sarakki
Solid Waste (Garbage) Related,Dead animal(s),Marenahalli
E khata / Khata services,ekhata approval pending with ARO,Vasanthapura
Road Maintenance(Engg),Potholes,Gali Anjaneya Swamy Temple Ward
Advertisement,Flex and banners,Hoysala Nagar
veterinary,Animal birth control/neutering of stray dogs,Laggere
Storm  Water Drain(SWD),Sewerage water left in SWD,Basaveshwara Nagar
Storm  Water Drain(SWD),Maintenance of SWD,Vishwanathnagenahalli
Sanitation,Urination in Public/Open Defecation,Uttarahalli
veterinary,Dog, cat Poor conditions / Breeding license validation,Malleshwaram
Forest,Issues related Snakes/Birds/Monkeys,Agaram
Health Dept,Increase in mosquito density,Padmanabha Nagar
veterinary,Stray cattle related complaints,Kaveripura
Parks and Play grounds,Issues Related to Parks/Medians/Circles/Island.,Kengeri
veterinary,Animal Rescue - Not well - Requires attention,Marenahalli
Health Dept,Increase in mosquito density,Subhash Nagar
veterinary,shifting of the street dogs to other places,Vidyapeetha
Forest,Issues related Snakes/Birds/Monkeys,Benniganahalli
Traffic Engineer Cell (TEC),TEC,C.V.Raman Nagar
Health Dept,Birth & Death Registration,Bommanahalli
Electrical,Earthing Issue relate to Electric Poles/Panel Boards,Yelachenahalli
Road Maintenance(Engg),Footpath,Ramamurthy Nagar
veterinary,Dog, cat Poor conditions / Breeding license validation,Madiwala
Revenue Department,Others (JC),Laggere
Health Dept,Fogging,Bilekahalli
Traffic Engineer Cell (TEC),TEC,Ganeshmandira Ward
Revenue Department,Khata Services (Registration, Transfer, Bifurcation and Amalgamation),Shakthiganapathi Nagar
veterinary,Stray/Rabid dog bite,Radhakrishna Temple
Road Maintenance(Engg),Road side drains,Byrasandra
veterinary,Stray/Rabid dog bite,J.P.Nagar
E khata / Khata services,Other Khata / ekhata issues,Subedarapalya
E khata / Khata services,Ekhata missing in online,Kengeri
Revenue Department,Others (JC),Lakshmidevi Nagar
Solid Waste (Garbage) Related,Complaint against SW collector/ SWM official for violation of SWM Rules,Laggere
Road Maintenance(Engg),water stagnation,Giri Nagar
Health Dept,Air/Noise pollution,Hampi Nagar
Revenue Department,Others (JC),K.R.Puram
Health Dept,Increase in mosquito density,Kuvempu Nagar
E khata / Khata services,Other Khata / ekhata issues,Ullalu
Electrical,Earthing Issue relate to Electric Poles/Panel Boards,Rajarajeshwari Nagar
Health Dept,Dengue positive,Chalavadipalya
Storm  Water Drain(SWD),Maintenance of SWD,Vasanth Nagar
Solid Waste (Garbage) Related,Dead animal(s),Sampangiram Nagar
Forest,Removal of dead/fallen trees,Rajagopala Nagar
Health Dept,Fogging,Marathalli
E khata / Khata services,Ekhata Other corrections,Bommanahalli
Solid Waste (Garbage) Related,Garbage dumping in vacant sites,Shivaji Nagar
Health Dept,Delay in issue of Trade licence,Okalipuram
veterinary,Mutton/Chicken/fish stall Unhygienic maintenance,Singasandra
veterinary,Fatally injured - Needs immediate attention,Hemmigepura
veterinary,Dog, cat Poor conditions / Breeding license validation,Lingarajapuram
Electrical,Street Lights Switched On During Day Time,Gali Anjaneya Swamy Temple Ward
Forest,obstructions Branches / Trees.,Hagadooru
Road Maintenance(Engg),water leakage on road,Vishwanathnagenahalli
Road Maintenance(Engg),Footpath,Marathalli
E khata / Khata services,ekhata approval pending with ARO,Jalahalli
veterinary,Aged street dogs please take action,Kumaraswamy Layout
Solid Waste (Garbage) Related,Dead animal(s),Dharmarayaswamy Temple Ward
veterinary,Stray/Rabid dog bite,Bommanahalli
E khata / Khata services,Khata / Ekhata mutation / transfer,Garudacharpalya
Revenue Department,Khata Services (Registration, Transfer, Bifurcation and Amalgamation),Banaswadi
Advertisement,Flex and banners,Herohalli
Lakes,Lake not maintained properly,Devasandra
veterinary,Anti Rabies Vaccination of stray dogs,Hanumantha Nagar
Road Maintenance(Engg),Overhanging cables,Yelahanka old Satellite Town
Revenue Department,Unable to generate the property tax challan,Mangammanapalya
veterinary,Pet dog licence,Konanakunte
Health Dept,Increase in mosquito density,Binnipet
E khata / Khata services,new Khata / Ekhata registration / creation,Hemmigepura
E khata / Khata services,Ekhata missing in online,Vasanthapura
Solid Waste (Garbage) Related,Garbage nuisance while transporting,HSR Layout
Road Maintenance(Engg),footpath encroachment,Jeevanbhima Nagar
veterinary,Animal birth control/neutering of stray dogs,Thanisandra
Road Maintenance(Engg),Potholes,Deepanjali Nagar
veterinary,Stray/Rabid dog bite,Kacharakanahalli
E khata / Khata services,ekhata approval pending with ARO,Konanakunte
Solid Waste (Garbage) Related,Public dustbins not cleaned,Nayandanahalli
Advertisement,Unsafe Hoardings,Hemmigepura
veterinary,Request for New feeder Points,Rajarajeshwari Nagar
veterinary,Request for New feeder Points,Hagadooru
Sanitation,Urination in Public/Open Defecation,Doddanekkundi
Health Dept,Fogging,Hegganahalli
Road Maintenance(Engg),footpath encroachment,Kadugondanahalli
Health Dept,Spraying,Kadugondanahalli
Sanitation,Urination in Public/Open Defecation,Kadugondanahalli
Electrical,Requirement For New Street Lights,Gottigere
Revenue Department,Unable to generate the property tax challan,Sudam Nagar
Road Infrastructure,Road Infrastructure,Gandhi Nagar
Electrical,Park Lights Not Working,Sunkenahalli
Health Dept,Increase in mosquito density,Begur
Town Planning,Noise during Building Construction,HBR Layout
Electrical,Requirement For New Street Lights,Radhakrishna Temple
Solid Waste (Garbage) Related,Garbage dumping in vacant sites,HAL Airport
Road Maintenance(Engg),footpath encroachment,Nagarabhavi
E khata / Khata services,new Khata / Ekhata registration / creation,Doddanekkundi
Parks and Play grounds,Environmental protection,Aramane Nagar
E khata / Khata services,Ekhata missing in online,Nagarabhavi
E khata / Khata services,Ekhata - name correction,Kempegowda Ward
Revenue Department,Others (JC),Dharmarayaswamy Temple Ward
Electrical,Requirement For New Street Lights,Kammanahalli
veterinary,"Pet licensing / Pet shop licensing  / Breeder licensing ",Shivaji Nagar
Revenue Department,Others (JC),Visvesvarapuram
E khata / Khata services,Ekhata missing in online,Shettyhalli
E khata / Khata services,new Khata / Ekhata registration / creation,Gottigere
Solid Waste (Garbage) Related,Sweeping not done,Marathalli
Electrical,Street Lights Switched On During Day Time,Kamakshipalya
Electrical,Requirement For New Street Lights,Kamakshipalya
Revenue Department,Khata Services (Registration, Transfer, Bifurcation and Amalgamation),Arakere
Electrical,Requirement For New Street Lights,Katriguppe
Revenue Department,Others (JC),Sudduguntepalya
Others,Others,Chikpete
Health Dept,Dengue positive,Ullalu
Health Dept,Air/Noise pollution,Rajarajeshwari Nagar
Parks and Play grounds,Environmental protection,Shanthi Nagar
E khata / Khata services,Ekhata - name correction,Anjanapur
Road Maintenance(Engg),footpath encroachment,Yadiyuru
Call Center,others,Benniganahalli
E khata / Khata services,Ekhata missing in online,Jakkur
Road Infrastructure,Road Infrastructure,Konena Agrahara
Road Maintenance(Engg),Debris Removal / Construction Material,Gandhi Nagar
veterinary,Stray/Rabid dog bite,T-Dasarahalli
Storm  Water Drain(SWD),Sewerage water left in SWD,Jakkur
E khata / Khata services,Ekhata - name correction,Kushal Nagar
veterinary,Fatally injured - Needs immediate attention,Marappana Palya
Revenue Department,Khata Services (Registration, Transfer, Bifurcation and Amalgamation),Kushal Nagar
Road Maintenance(Engg),footpath encroachment,Varthur
Traffic Engineer Cell (TEC),TEC,Sunkenahalli
Forest,Issues related Snakes/Birds/Monkeys,HBR Layout
Revenue Department,Others (JC),Basavanapura
Advertisement,Flex and banners,Sunkenahalli
Projects Central,Stagnation of water on road/ Water logging,Banaswadi
Revenue Department,Unable to Generate the receipt after property tax payment.,Attiguppe
Sanitation,Public toilet(s) blockage,Devarajeevanahalli
Revenue Department,Unable to generate the property tax challan,Sarakki
Solid Waste (Garbage) Related,Garbage transfer not as per norms & area not kept clean,Hosahalli
CORONA COVID19,Stockout,Hoysala Nagar
E khata / Khata services,Ekhata - name correction,Bommanahalli
Solid Waste (Garbage) Related,Garbage transfer not as per norms & area not kept clean,Hegganahalli
Electrical,Open Electrical Junction Box,Shanthala Nagar
Road Maintenance(Engg),Debris Removal / Construction Material,Herohalli
veterinary,Animal Death Need cremartion support,Kottigepalya
Road Infrastructure,Road Infrastructure,Shivaji Nagar
E khata / Khata services,Other Khata / ekhata issues,Peenya Industrial Area
Optical Fiber Cables (OFC),Without permission digging of road,Kuvempu Nagar
Road Maintenance(Engg),Footpath,Kodigehalli
Road Maintenance(Engg),UnAuthorised Constructions,Vijay Nagar
E khata / Khata services,Ekhata missing in online,Uttarahalli
E khata / Khata services,ekhata approval pending with ARO,Koramangala
Advertisement,Flex and banners,C.V.Raman Nagar
Road Maintenance(Engg),Potholes,Subhash Nagar
E khata / Khata services,ekhata approval pending with ARO,Vidyaranyapura
E khata / Khata services,ekhata approval pending with ARO,Newthippasandra
E khata / Khata services,ekhata approval pending with ARO,Jakkur
Solid Waste (Garbage) Related,Sweeping not done,Varthur
veterinary,Animal birth control/neutering of stray dogs,Someshwara
E khata / Khata services,Technical Issue In Ekhata,Gottigere
Road Maintenance(Engg),Debris Removal / Construction Material,Giri Nagar
Indira Canteen,Staff Related,Yeshwanthpur
Solid Waste (Garbage) Related,Dead animal(s),Sarvagna Nagar
veterinary,Animal birth control/neutering of stray dogs,Hoysala Nagar
Health Dept,Unhygienic premises in Hotel etc,Kaveripura
Road Maintenance(Engg),UnAuthorised Constructions,Hanumantha Nagar
Others,Others,Kuvempu Nagar
Road Maintenance(Engg),Footpath,Varthur
veterinary,Animal Rescue - Not well - Requires attention,Kacharakanahalli
Solid Waste (Garbage) Related,Sweeping not done,Ulsoor
Traffic Engineer Cell (TEC),TEC,Byatarayanapura
Solid Waste (Garbage) Related,Garbage transfer not as per norms & area not kept clean,Vasanth Nagar
E khata / Khata services,Other Khata / ekhata issues,Karisandra
veterinary,Anti Rabies Vaccination of stray dogs,Kottigepalya
Electrical,Requirement For New Street Lights,Kavalbyrasandra
veterinary,Stray cattle related complaints,Bagalagunte
veterinary,Stray/Rabid dog bite,HSR Layout
Road Maintenance(Engg),Potholes,J.P.Nagar
Road Maintenance(Engg),Road cutting,Nagarabhavi
veterinary,Dog bite pet dog,Jaraganahalli
Solid Waste (Garbage) Related,Garbage transfer not as per norms & area not kept clean,Vidyaranyapura
Solid Waste (Garbage) Related,Dead animal(s),Kavalbyrasandra
Lakes,Lake not maintained properly,Basavanapura
Indira Canteen,Food Quantity,Dr.Rajkumar Ward
Health Dept,Fogging,Jayamahal
Electrical,Park Lights Not Working,Domlur
Electrical,Requirement For New Street Lights,Ramaswamy Palya
Electrical,Requirement For New Street Lights,Rajagopala Nagar
Road Maintenance(Engg),footpath encroachment,Marenahalli
veterinary,Animal Rescue - Not well - Requires attention,Vidyapeetha
Town Planning,UnAuthorised Building Constructions,Bilekahalli
Lakes,Sewage inflow to lake,Begur
Town Planning,Noise during Building Construction,Jayachamarajendra Nagar
Road Maintenance(Engg),UnAuthorised Constructions,Devasandra
E khata / Khata services,Ekhata missing in online,Singasandra
Forest,Issues related Snakes/Birds/Monkeys,K.R.Market
veterinary,Stray cattle related complaints,Hampi Nagar
Road Maintenance(Engg),footpath encroachment,Hegganahalli
E khata / Khata services,Other Khata / ekhata issues,Shanthala Nagar
veterinary,Dog bite pet dog,Bellandur
E khata / Khata services,Other Khata / ekhata issues,Jayanagar East
Solid Waste (Garbage) Related,Dead animal(s),Bapuji Nagar
Forest,Removal of dead/fallen trees,Chalavadipalya
E khata / Khata services,Other Khata / ekhata issues,Jakkasandra
Solid Waste (Garbage) Related,Complaint against SW collector/ SWM official for violation of SWM Rules,Chikpete
Storm  Water Drain(SWD),Garbage thrown in storm water drain,Sri Rammandira
Lakes,Lake not maintained properly,Hoodi
Health Dept,Fogging,Uttarahalli
Health Dept,Dengue positive,Hebbal
Health Dept,Dengue positive,Giri Nagar
veterinary,Stray/Rabid dog bite,Hoodi
Revenue Department,Discrepancy In Khata Certificate and Khata Extract,Jakkur
Road Maintenance(Engg),Road side drains,Nagavara
Health Dept,Air/Noise pollution,Begur
E khata / Khata services,Ekhata Other corrections,H.M.T
E khata / Khata services,Ekhata Other corrections,Peenya Industrial Area
E khata / Khata services,Ekhata Other corrections,Kottigepalya
E khata / Khata services,Ekhata Other corrections,Mahalakshmipuram
veterinary,Stray cattle related complaints,Chamrajpet
veterinary,Stray cattle related complaints,Hanumantha Nagar
Property Tax services,Unable to generate receipt after property tax payment,Vasanthapura
Forest,Removal of dead/fallen trees,Nayandanahalli
veterinary,Fatally injured - Needs immediate attention,Maruthi Seva Nagar
Education,Infrastructure related Issues.,Uttarahalli
Forest,Removal of dead/fallen trees,Mallasandra
E khata / Khata services,ekhata approval pending with ARO,Attiguppe
E khata / Khata services,Ekhata missing in online,Deepanjali Nagar
E khata / Khata services,Khata / Ekhata mutation / transfer,Kadugodi
E khata / Khata services,ekhata approval pending with ARO,J.P.Park
Property Tax services,Property tax owner name not updated,Hosahalli
Indira Canteen,Food Quality,Radhakrishna Temple
Property Tax services,Other property tax issues,Jeevanbhima Nagar
E khata / Khata services,ekhata approval pending with ARO,Vishwanathnagenahalli
E khata / Khata services,Other Khata / ekhata issues,Shettyhalli
Road Maintenance(Engg),Overhanging cables,Shanthala Nagar
Revenue Department,Khata Services (Registration, Transfer, Bifurcation and Amalgamation),Nagavara
Forest,obstructions Branches / Trees.,Lakkasandra
Solid Waste (Garbage) Related,Segregation of waste is not done,Jagajeevanram Nagar
veterinary,Stray/Rabid dog bite,Koramangala
Revenue Department,Discrepancy In Khata Certificate and Khata Extract,Newthippasandra
E khata / Khata services,Ekhata missing in online,HSR Layout
veterinary,Aged street dogs please take action,Jaraganahalli
Revenue Department,Khata Services (Registration, Transfer, Bifurcation and Amalgamation),Subramanya Nagar
Health Dept,Air/Noise pollution,Ganeshmandira Ward
Solid Waste (Garbage) Related,Complaint against SW collector/ SWM official for violation of SWM Rules,Moodalapalya
E khata / Khata services,Ekhata missing in online,Chikkalasandra
E khata / Khata services,Other Khata / ekhata issues,Ramamurthy Nagar
Revenue Department,Discrepancy In Khata Certificate and Khata Extract,Thanisandra
Storm  Water Drain(SWD),Garbage thrown in storm water drain,Jayachamarajendra Nagar
E khata / Khata services,ekhata approval pending with ARO,Herohalli
Town Planning,Noise during Building Construction,Bommanahalli
Road Maintenance(Engg),Road side drains,Chalavadipalya
E khata / Khata services,Khata / Ekhata mutation / transfer,Mathikere
Health Dept,Fogging,Sanjay Nagar
veterinary,Dog, cat Poor conditions / Breeding license validation,Nayandanahalli
Storm  Water Drain(SWD),Maintenance of SWD,Thanisandra
Indira Canteen,Food Quantity,Ganga Nagar
veterinary,Animal birth control/neutering of stray dogs,Hebbal
veterinary,Dog, cat Poor conditions / Breeding license validation,Deepanjali Nagar
Indira Canteen,Water quality,Konanakunte
Road Maintenance(Engg),water leakage on road,HBR Layout
Property Tax services,Property tax owner name not updated,Herohalli
Electrical,Street Lights Switched On During Day Time,Shettyhalli
Solid Waste (Garbage) Related,Dead animal(s),Kacharakanahalli
Road Maintenance(Engg),water stagnation,Kadugondanahalli
Solid Waste (Garbage) Related,Garbage dumping in vacant sites,Nagapura
Indira Canteen,Food Quality,Devasandra
Indira Canteen,Billing related,Devasandra
Storm  Water Drain(SWD),Sewerage water left in SWD,Chokkasandra
Road Infrastructure,Road Infrastructure,Pattabhiram Nagar
E khata / Khata services,Ekhata Other corrections,Kempapura Agrahara
Road Maintenance(Engg),Overhanging cables,Gandhi Nagar
Projects Central,Stagnation of water on road/ Water logging,Thanisandra
Electrical,Earthing Issue relate to Electric Poles/Panel Boards,Sagayapuram
Road Maintenance(Engg),water stagnation,Hebbal
Forest,Issues related Snakes/Birds/Monkeys,Kacharakanahalli
Solid Waste (Garbage) Related,Dead animal(s),Garudacharpalya
Lakes,Dying of fishes in lake,Singasandra
veterinary,Request for New feeder Points,Banaswadi
veterinary,Animal caught disease post surgery,Banaswadi
Health Dept,Fogging,Vannarpet
Health Dept,Fogging,Koramangala
veterinary,Animal Death Need to file FIR,Banaswadi
veterinary,Animal died post surgery,Banaswadi
Road Maintenance(Engg),water leakage on road,Uttarahalli
Road Maintenance(Engg),Road cutting,Sunkenahalli
Forest,Removal of dead/fallen trees,Kammanahalli
Health Dept,Air/Noise pollution,Kavalbyrasandra
Electrical,Earthing Issue relate to Electric Poles/Panel Boards,K.R.Market
Information Technology,App Related Issues,Gottigere
Health Dept,Dengue positive,Banashankari Temple Ward
Sanitation,Urination in Public/Open Defecation,Chamrajpet
Health Dept,Dengue positive,Sarvagna Nagar
veterinary,Animal Cruelty/Relocated,Vidyapeetha
Solid Waste (Garbage) Related,Public dustbins not cleaned,Kodigehalli
E khata / Khata services,Ekhata missing in online,Katriguppe
Health Dept,Delay in issue of Trade licence,Dharmarayaswamy Temple Ward
E khata / Khata services,Ekhata Other corrections,Jakkasandra
E khata / Khata services,ekhata approval pending with ARO,Basavanagudi
Road Maintenance(Engg),water stagnation,Azad Nagar
Road Infrastructure,Road Infrastructure,Vijay Nagar
Solid Waste (Garbage) Related,Garbage transfer not as per norms & area not kept clean,Koramangala
E khata / Khata services,Ekhata - name correction,Jakkasandra
E khata / Khata services,Ekhata Other corrections,Hoodi
Property Tax services,Property tax owner name not updated,Doddanekkundi
E khata / Khata services,Technical Issue In Ekhata,Bellandur
Property Tax services,Property tax owner name not updated,Hagadooru
veterinary,Animal Cruelty/Ill-Treated / Abused,Ganga Nagar
Road Maintenance(Engg),Potholes,Rayapuram
veterinary,"Pet licensing / Pet shop licensing  / Breeder licensing ",Dayananda Nagar
veterinary,Stray/Rabid dog bite,Pattabhiram Nagar
Road Maintenance(Engg),Road cutting,Rayapuram
E khata / Khata services,Ekhata missing in online,Agaram
veterinary,Stray dog related complaints,Rajaji Nagar
veterinary,Mutton/Chicken/fish stall Unhygienic maintenance,Arakere
veterinary,Stray cattle related complaints,HSR Layout
E khata / Khata services,Ekhata - name correction,Jeevanbhima Nagar
Forest,obstructions Branches / Trees.,Karisandra
Health Dept,Air/Noise pollution,Hoysala Nagar
Health Dept,Air/Noise pollution,Hosahalli
veterinary,Anti Rabies Vaccination of stray dogs,Benniganahalli
E khata / Khata services,Ekhata missing in online,Newthippasandra
veterinary,Animal Rescue - Not well - Requires attention,Rajamahal
Road Maintenance(Engg),Footpath,Mangammanapalya
Town Planning,Construction not done as per approved plan (Building Bye Law Violations),Nagapura
Road Maintenance(Engg),Overhanging cables,Vignana Nagar
Health Dept,Spraying,Jogupalya
veterinary,Animal Rescue - Not well - Requires attention,Rajaji Nagar
veterinary,Animal Cruelty/Ill-Treated / Abused,C.V.Raman Nagar
Road Maintenance(Engg),Road cutting,Adugodi
Lakes,Lake not maintained properly,Garudacharpalya
E khata / Khata services,Ekhata missing in online,Banaswadi
Town Planning,UnAuthorised Building Constructions,Jayachamarajendra Nagar
Road Maintenance(Engg),footpath encroachment,Govindraja Nagara
Solid Waste (Garbage) Related,Garbage nuisance while transporting,Vidyaranyapura
Health Dept,Unhygienic premises in Hotel etc,Dharmarayaswamy Temple Ward
Traffic Engineer Cell (TEC),TEC,Vijanapura
E khata / Khata services,new Khata / Ekhata registration / creation,Yelahanka old Satellite Town
Road Maintenance(Engg),UnAuthorised Constructions,Byrasandra
Solid Waste (Garbage) Related,Complaint against SW collector/ SWM official for violation of SWM Rules,Konena Agrahara
Road Maintenance(Engg),UnAuthorised Constructions,Anjanapur
Road Maintenance(Engg),footpath encroachment,Jayanagar East
veterinary,Illegal pet shop / Animal cruelty / license check,A.Narayanapura
E khata / Khata services,new Khata / Ekhata registration / creation,Bommanahalli
Parks and Play grounds,Inspection not done,Mangammanapalya
Health Dept,Spraying,Chikpete
Traffic Engineer Cell (TEC),TEC,Kempegowda Ward
Road Maintenance(Engg),Potholes,Kempapura Agrahara
E khata / Khata services,Ekhata - name correction,Sanjay Nagar
E khata / Khata services,Ekhata Other corrections,HAL Airport
E khata / Khata services,Khata / Ekhata mutation / transfer,Visvesvarapuram
E khata / Khata services,ekhata approval pending with ARO,Kengeri
Solid Waste (Garbage) Related,Garbage transfer not as per norms & area not kept clean,Chowdeshwari Ward
Solid Waste (Garbage) Related,Garbage transfer not as per norms & area not kept clean,Peenya Industrial Area
Others,Others,Yelachenahalli
Parks and Play grounds,Environmental protection,Rajagopala Nagar
Solid Waste (Garbage) Related,Garbage transfer not as per norms & area not kept clean,Padmanabha Nagar
Town Planning,Construction not done as per approved plan (Building Bye Law Violations),Chikpete
Health Dept,Spraying,Ulsoor
Road Maintenance(Engg),Potholes,Kavalbyrasandra
Town Planning,Construction not done as per approved plan (Building Bye Law Violations),Begur
Health Dept,Fogging,Aramane Nagar
Solid Waste (Garbage) Related,Segregation of waste is not done,Jakkur
Advertisement,Flex and banners,Kaveripura
Health Dept,Unhygienic premises in Hotel etc,Rajagopala Nagar
Property Tax services,Issues in property tax portal,Chikpete
Parks and Play grounds,Gym/Children Play equipment in the parks,Ganga Nagar
Health Dept,Air/Noise pollution,Gottigere
Solid Waste (Garbage) Related,Sweeping not done,Sagayapuram
Forest,Issues related Snakes/Birds/Monkeys,Horamavu
E khata / Khata services,Ekhata missing in online,Kadugodi
veterinary,Anti Rabies Vaccination of stray dogs,Vasanthapura
veterinary,Animal birth control/neutering of stray dogs,Banaswadi
Road Maintenance(Engg),footpath encroachment,Chikkalasandra
Road Maintenance(Engg),Debris Removal / Construction Material,Chalavadipalya
Road Maintenance(Engg),footpath encroachment,Kempegowda Ward
Water Crisis,Water related issue,Herohalli
E khata / Khata services,Other Khata / ekhata issues,Shakthiganapathi Nagar
veterinary,Stray dog related complaints,Lakshmidevi Nagar
E khata / Khata services,Ekhata Other corrections,Doddanekkundi
E khata / Khata services,Ekhata missing in online,Yadiyuru
Forest,Issues related Snakes/Birds/Monkeys,Hampi Nagar
veterinary,Feeder Harassment by Association / Gated Community,Banaswadi
Road Maintenance(Engg),Potholes,Basaveshwara Nagar
E khata / Khata services,Ekhata missing in online,Shanthala Nagar
Sterilization and immunisation of street dogs will be done by BBMP,Vijaya laxmi/VI,,
veterinary,Dog, cat Poor conditions / Breeding license validation,Agaram
E khata / Khata services,Ekhata Other corrections,Domlur
E khata / Khata services,Ekhata missing in online,Hongasandra
Forest,Issues related Snakes/Birds/Monkeys,Devasandra
Others,Others,Yelahanka old Satellite Town
Health Dept,Indira Canteen,Agrahara Dasarahalli
Solid Waste (Garbage) Related,Burning of Garbage in Open Space,Marathalli
E khata / Khata services,Ekhata Area Correction,Dodda Bidarkallu
Health Dept,Unhygienic premises in Hotel etc,Nagapura
Parks and Play grounds,Issues Related to Parks/Medians/Circles/Island.,Katriguppe
E khata / Khata services,ekhata approval pending with ARO,Lakshmidevi Nagar
veterinary,Dog bite pet dog,Vasanth Nagar
Water Crisis,Water related issue,Vishwanathnagenahalli
Road Maintenance(Engg),UnAuthorised Constructions,Thanisandra
E khata / Khata services,Ekhata - name correction,Kavalbyrasandra
Solid Waste (Garbage) Related,Dead animal(s),Azad Nagar
Road Maintenance(Engg),water stagnation,Jayachamarajendra Nagar
veterinary,Stray/Rabid dog bite,Gandhi Nagar
veterinary,Dog, cat Poor conditions / Breeding license validation,Ulsoor
veterinary,Animal Cruelty/Ill-Treated / Abused,Konanakunte
veterinary,Animal Cruelty/Ill-Treated / Abused,Jnanabharathi Ward
veterinary,Stray dog related complaints,Lingarajapuram
E khata / Khata services,ekhata approval pending with ARO,Radhakrishna Temple
Road Maintenance(Engg),water leakage on road,Hoodi
Solid Waste (Garbage) Related,Garbage dumping in vacant sites,Madiwala
Electrical,Park Lights Not Working,Siddapura
E khata / Khata services,Technical Issue In Ekhata,Mangammanapalya
Traffic Engineer Cell (TEC),TEC,Nagavara
Sanitation,Urination in Public/Open Defecation,Varthur
Solid Waste (Garbage) Related,Public dustbins not cleaned,Bharathi Nagar
E khata / Khata services,Ekhata missing in online,Kottigepalya
veterinary,Feeder Harassment  by Individual / Mob but no association,Banaswadi
Road Maintenance(Engg),UnAuthorised Constructions,Puttenahalli
veterinary,Stray/Rabid dog bite,Gottigere
E khata / Khata services,Ekhata Other corrections,Sarakki
veterinary,Dog, cat Poor conditions / Breeding license validation,Sunkenahalli
Parks and Play grounds,Play Grounds,Banaswadi
veterinary,Animal Rescue - Not well - Requires attention,Muneshwara Nagar
Revenue Department,Discrepancy In Khata Certificate and Khata Extract,Byatarayanapura
Revenue Department,Unable to Generate the receipt after property tax payment.,Thanisandra
Solid Waste (Garbage) Related,Complaint against SW collector/ SWM official for violation of SWM Rules,Sri Rammandira
E khata / Khata services,Ekhata missing in online,Sanjay Nagar
Solid Waste (Garbage) Related,Complaint against SW collector/ SWM official for violation of SWM Rules,Giri Nagar
Solid Waste (Garbage) Related,Burning of Garbage in Open Space,Kodigehalli
Others,Others,Kamakshipalya
Road Maintenance(Engg),footpath encroachment,Kacharakanahalli
Solid Waste (Garbage) Related,Garbage nuisance while transporting,Jaraganahalli
Health Dept,Increase in mosquito density,Ejipura
Solid Waste (Garbage) Related,Public dustbins not cleaned,H.M.T
Health Dept,Air/Noise pollution,Giri Nagar
Road Infrastructure,Road Infrastructure,Mathikere
Solid Waste (Garbage) Related,Garbage nuisance while transporting,Shakambari Nagar
Advertisement,Flex and banners,J.P.Park
veterinary,Stray dog related complaints,Jayamahal
Sanitation,Urination in Public/Open Defecation,Shanthala Nagar
Electrical,Street Lights Switched On During Day Time,Ramamurthy Nagar
veterinary,"Pet licensing / Pet shop licensing  / Breeder licensing ",Varthur
veterinary,Anti Rabies Vaccination of stray dogs,Banaswadi
Road Maintenance(Engg),water leakage on road,K.R.Puram
Health Dept,Air/Noise pollution,Bapuji Nagar
Town Planning,UnAuthorised Building Constructions,Laggere
Solid Waste (Garbage) Related,Dead animal(s),Bilekahalli
Electrical,Park Lights Not Working,Jaraganahalli
Parks and Play grounds,Play Grounds,Uttarahalli
Projects Central,Potholes,Marathalli
Road Infrastructure,Road Infrastructure,Marathalli
Projects Central,Potholes,Byatarayanapura
veterinary,Feeder Harassment  by Individual / Mob but no association,Marathalli
Road Maintenance(Engg),footpath encroachment,Vidyaranyapura
veterinary,Stray cattle related complaints,Jayangar
Solid Waste (Garbage) Related,Dead animal(s),Prakash Nagar
Health Dept,Air/Noise pollution,Someshwara
Solid Waste (Garbage) Related,Public dustbins not cleaned,Hoodi
Road Maintenance(Engg),UnAuthorised Constructions,Hoysala Nagar
veterinary,Fatally injured - Needs immediate attention,Yelahanka old Satellite Town
Electrical,Street Lights Switched On During Day Time,J.P.Nagar
veterinary,"Pet licensing / Pet shop licensing  / Breeder licensing ",Vasanthapura
Road Maintenance(Engg),UnAuthorised Constructions,Sarvagna Nagar
Solid Waste (Garbage) Related,Garbage transfer not as per norms & area not kept clean,Jnanabharathi Ward
Health Dept,Fogging,HBR Layout
Lakes,Lake not maintained properly,BTM Layout
Others,Others,Sanjay Nagar
veterinary,Anti Rabies Vaccination of stray dogs,Vijanapura
Indira Canteen,Food Quality,Kengeri
Solid Waste (Garbage) Related,Segregation of waste is not done,Jnanabharathi Ward
veterinary,Animal Cruelty/Ill-Treated / Abused,Varthur
veterinary,Stray dog related complaints,Rayapuram
Electrical,Street Lights Switched On During Day Time,Jakkasandra
Electrical,Open Electrical Junction Box,Dharmarayaswamy Temple Ward
veterinary,Animal birth control/neutering of stray dogs,Jayanagar East
Solid Waste (Garbage) Related,Segregation of waste is not done,Kavalbyrasandra
veterinary,Stray/Rabid dog bite,Basavanapura
Indira Canteen,Water quality,Puttenahalli
Indira Canteen,Food Quality,Ullalu
Electrical,Open Electrical Junction Box,Kempegowda Ward
Road Maintenance(Engg),footpath encroachment,Chokkasandra
Storm  Water Drain(SWD),Maintenance of SWD,Basavanapura
Storm  Water Drain(SWD),Maintenance of SWD,Jayangar
veterinary,Anti Rabies Vaccination of stray dogs,Chowdeshwari Ward
veterinary,Animal Cruelty/Ill-Treated / Abused,Vrushabhavati Nagar
Solid Waste (Garbage) Related,Garbage transfer not as per norms & area not kept clean,Sanjay Nagar
E khata / Khata services,Ekhata Other corrections,Aramane Nagar
Town Planning,UnAuthorised Building Constructions,Shanthi Nagar
veterinary,Animal Rescue - Not well - Requires attention,Bagalagunte
E khata / Khata services,Ekhata Area Correction,Konanakunte
Solid Waste (Garbage) Related,Dead animal(s),Jalahalli
E khata / Khata services,Ekhata in previous owner name,Nagavara
Health Dept,Spraying,Uttarahalli
Solid Waste (Garbage) Related,Dead animal(s),Laggere
Road Maintenance(Engg),Debris Removal / Construction Material,Shettyhalli
E khata / Khata services,Ekhata missing in online,Bapuji Nagar
E khata / Khata services,Ekhata missing in online,Hebbal
Solid Waste (Garbage) Related,Complaint against SW collector/ SWM official for violation of SWM Rules,Hombegowda Nagar
veterinary,Street dog Adaptation process details,Hampi Nagar
Town Planning,Noise during Building Construction,Kengeri
E khata / Khata services,Ekhata missing in online,Gurappanapalya
veterinary,Mutton/Chicken/fish stall Unhygienic maintenance,Hosakerehalli
Electrical,Open Electrical Junction Box,Gali Anjaneya Swamy Temple Ward
Storm  Water Drain(SWD),Maintenance of SWD,Pulikeshi Nagar
Storm  Water Drain(SWD),Sewerage water left in SWD,Byatarayanapura
Forest,Removal of dead/fallen trees,Ulsoor
Parks and Play grounds,Gym/Children Play equipment in the parks,Basavanagudi
Advertisement,Flex and banners,Basaveshwara Nagar
Parks and Play grounds,Environmental protection,Koramangala
Road Maintenance(Engg),UnAuthorised Constructions,K.R.Puram
Solid Waste (Garbage) Related,Complaint against SW collector/ SWM official for violation of SWM Rules,Subhash Nagar
Health Dept,Fogging,Konanakunte
Health Dept,Spraying,Kammanahalli
Road Maintenance(Engg),Debris Removal / Construction Material,Jayamahal
E khata / Khata services,Ekhata missing in online,Nandini Layout
Electrical,Open Electrical Junction Box,Bagalagunte
Road Maintenance(Engg),footpath encroachment,Koramangala
Road Maintenance(Engg),Overhanging cables,Hebbal
Electrical,Requirement For New Street Lights,Mahalakshmipuram
veterinary,Animal Rescue - Not well - Requires attention,Chikpete
Road Maintenance(Engg),UnAuthorised Constructions,Mahalakshmipuram
Forest,Issues related Snakes/Birds/Monkeys,Gottigere
Electrical,Street Lights Switched On During Day Time,Shankaramata
Road Infrastructure,Road Infrastructure,Banashankari Temple Ward
Solid Waste (Garbage) Related,Garbage nuisance while transporting,Hoysala Nagar
Advertisement,Flex and banners,Sri Rammandira
Solid Waste (Garbage) Related,Garbage dumping in vacant sites,Hosakerehalli
Health Dept,Birth & Death Registration,Ullalu
Road Maintenance(Engg),Road cutting,Someshwara
Revenue Department,Unable to generate the property tax challan,Kengeri
Revenue Department,Khata Services (Registration, Transfer, Bifurcation and Amalgamation),Someshwara
veterinary,Stray dog related complaints,Garudacharpalya
Electrical,Park Lights Not Working,Kamakshipalya
Electrical,Requirement For New Street Lights,Arakere
Electrical,Requirement For New Street Lights,Lakshmidevi Nagar
E khata / Khata services,Ekhata Other corrections,Nagarabhavi
Health Dept,Unhygienic premises in Hotel etc,Agrahara Dasarahalli
veterinary,Stray/Rabid dog bite,Moodalapalya
Parks and Play grounds,Play Grounds,Byatarayanapura
Solid Waste (Garbage) Related,Burning of Garbage in Open Space,Yelachenahalli
Health Dept,Spraying,Varthur
E khata / Khata services,Other Khata / ekhata issues,Kammanahalli
veterinary,Animal Rescue - Not well - Requires attention,Byrasandra
Electrical,Earthing Issue relate to Electric Poles/Panel Boards,Nandini Layout
E khata / Khata services,Ekhata missing in online,Marenahalli
E khata / Khata services,Ekhata missing in online,BTM Layout
he is guide you.,Purushottam/ARO,,
Health Dept,Indira Canteen,Hampi Nagar
Health Dept,Dengue positive,Kempapura Agrahara
E khata / Khata services,Ekhata Other corrections,Jnanabharathi Ward
Electrical,Street Lights Switched On During Day Time,Shakambari Nagar
E khata / Khata services,Ekhata - name correction,Chikpete
Health Dept,Indira Canteen,Hanumantha Nagar
Health Dept,Dengue positive,Hosakerehalli
veterinary,Stray/Rabid dog bite,Visvesvarapuram
E khata / Khata services,Other Khata / ekhata issues,Konena Agrahara
veterinary,Stray cattle related complaints,Shivaji Nagar
Road Infrastructure,Road Infrastructure,K.R.Market
veterinary,Feeder Harassment  by Individual / Mob but no association,Benniganahalli
Solid Waste (Garbage) Related,Garbage transfer not as per norms & area not kept clean,Kuvempu Nagar
Road Maintenance(Engg),Road cutting,J.P.Park
Electrical,Earthing Issue relate to Electric Poles/Panel Boards,Yadiyuru
E khata / Khata services,Ekhata Other corrections,Chamrajpet
Health Dept,Spraying,HSR Layout
Indira Canteen,Food Quality,Doddanekkundi
E khata / Khata services,Ekhata Other corrections,Banaswadi
Road Maintenance(Engg),UnAuthorised Constructions,Hombegowda Nagar
Road Maintenance(Engg),Footpath,C.V.Raman Nagar
Solid Waste (Garbage) Related,Garbage dumping in vacant sites,Nagarabhavi
E khata / Khata services,ekhata approval pending with ARO,Maruthi Seva Nagar
Health Dept,Fogging,Byatarayanapura
veterinary,Fatally injured - Needs immediate attention,Padarayanapura
E khata / Khata services,Technical Issue In Ekhata,Byatarayanapura
veterinary,Fatally injured - Needs immediate attention,Ramaswamy Palya
Solid Waste (Garbage) Related,Complaint against SW collector/ SWM official for violation of SWM Rules,Maruthi Mandira Ward
Solid Waste (Garbage) Related,Garbage transfer not as per norms & area not kept clean,Vidyapeetha
Electrical,Open Electrical Junction Box,Singasandra
Road Maintenance(Engg),Footpath,Kumaraswamy Layout
Road Maintenance(Engg),footpath encroachment,Chowdeshwari Ward
veterinary,Animal birth control/neutering of stray dogs,Kacharakanahalli
Road Maintenance(Engg),footpath encroachment,Kushal Nagar
Traffic Engineer Cell (TEC),TEC,Sarakki
Road Maintenance(Engg),water leakage on road,Radhakrishna Temple
Road Maintenance(Engg),Road cutting,Maruthi Seva Nagar
Parks and Play grounds,Issues Related to Parks/Medians/Circles/Island.,Mahalakshmipuram
Others,Others,Okalipuram
the system is not accepting the application and displays a message stating that a new portal will soon be launched by BBMP.,,
we would like to apply manually.,,
and we require a fresh assessment,as we do not possess any documents apart from the Sale Deed and the Encumbrance Certificate.,
Road Maintenance(Engg),Road cutting,Kamakshipalya
Electrical,Requirement For New Street Lights,Konena Agrahara
Health Dept,Spraying,Hoysala Nagar
veterinary,Animal birth control/neutering of stray dogs,Doddabommasandra
Solid Waste (Garbage) Related,Garbage transfer not as per norms & area not kept clean,Sampangiram Nagar
Revenue Department,Khata Services (Registration, Transfer, Bifurcation and Amalgamation),Marathalli
Health Dept,Fogging,Jnanabharathi Ward
Solid Waste (Garbage) Related,Burning of Garbage in Open Space,Chikpete
Revenue Department,Unable to generate the property tax challan,Byatarayanapura
Solid Waste (Garbage) Related,Garbage dumping in vacant sites,Bilekahalli
Revenue Department,Unable to Generate the receipt after property tax payment.,Subhash Nagar
Revenue Department,Unable to Generate the receipt after property tax payment.,Konena Agrahara
Road Maintenance(Engg),Debris Removal / Construction Material,Hampi Nagar
Sanitation,Urination in Public/Open Defecation,Begur
Revenue Department,Unable to Generate the receipt after property tax payment.,Govindraja Nagara
Road Maintenance(Engg),Road side drains,A.Narayanapura
Revenue Department,Unable to generate the property tax challan,Rajarajeshwari Nagar
veterinary,Anti Rabies Vaccination of stray dogs,K.R.Puram
E khata / Khata services,Ekhata missing in online,Vannarpet
Road Maintenance(Engg),Road cutting,Dayananda Nagar
Solid Waste (Garbage) Related,Burning of Garbage in Open Space,Agaram
Road Maintenance(Engg),footpath encroachment,Manorayanapalya
Parks and Play grounds,Issues Related to Parks/Medians/Circles/Island.,Sunkenahalli
Road Maintenance(Engg),Road cutting,Ramaswamy Palya
E khata / Khata services,Ekhata Other corrections,Bapuji Nagar
Road Maintenance(Engg),Debris Removal / Construction Material,Anjanapur
veterinary,Animal Cruelty/Ill-Treated / Abused,Sampangiram Nagar
veterinary,Stray pig related complaints,Hagadooru
Road Maintenance(Engg),water stagnation,Nagarabhavi
veterinary,Collect the food available to feed dogs,HAL Airport
E khata / Khata services,Ekhata - name correction,Nayandanahalli
E khata / Khata services,Khata / Ekhata mutation / transfer,Kengeri
E khata / Khata services,Khata / Ekhata mutation / transfer,Shettyhalli
Estate,Encroachment,Hoodi
Forest,Removal of dead/fallen trees,K.R.Market
Traffic Engineer Cell (TEC),TEC,Jalahalli
Revenue Department,Discrepancy In Khata Certificate and Khata Extract,Vignana Nagar
E khata / Khata services,Ekhata - name correction,Nandini Layout
Solid Waste (Garbage) Related,Garbage dumping in vacant sites,Benniganahalli
E khata / Khata services,Other Khata / ekhata issues,Laggere
veterinary,Animal Rescue - Not well - Requires attention,S.K.Garden
E khata / Khata services,Other Khata / ekhata issues,Yadiyuru
E khata / Khata services,ekhata approval pending with ARO,H.M.T
veterinary,Stray/Rabid dog bite,Sanjay Nagar
Road Maintenance(Engg),Footpath,Chamrajpet
E khata / Khata services,Ekhata missing in online,Muneshwara Nagar
Property Tax services,Unable to generate receipt after property tax payment,Hebbal
E khata / Khata services,Khata / Ekhata mutation / transfer,Chamrajpet
Road Maintenance(Engg),Debris Removal / Construction Material,Vijanapura
Information Technology,Others(Technical or Software Issues),Maruthi Seva Nagar
E khata / Khata services,Ekhata Other corrections,Ramamurthy Nagar
Solid Waste (Garbage) Related,Garbage dumping in vacant sites,Vasanth Nagar
Solid Waste (Garbage) Related,Garbage dumping in vacant sites,Gandhi Nagar
veterinary,Animal Cruelty/Ill-Treated / Abused,Devasandra
Solid Waste (Garbage) Related,Complaint against SW collector/ SWM official for violation of SWM Rules,Dodda Bidarkallu
Advertisement,Flex and banners,Nagavara
Road Maintenance(Engg),Debris Removal / Construction Material,Benniganahalli
Indira Canteen,Food Quality,Sudduguntepalya
Health Dept,Spraying,Shettyhalli
Electrical,Street Lights Switched On During Day Time,Hagadooru
Electrical,Street Lights Switched On During Day Time,J.P.Park
Solid Waste (Garbage) Related,Burning of Garbage in Open Space,Sarvagna Nagar
Others,Others,Ejipura
Road Maintenance(Engg),Footpath,Kushal Nagar
Health Dept,Spraying,Nagavara
Health Dept,Increase in mosquito density,Nagavara
Forest,Removal of dead/fallen trees,A.Narayanapura
Health Dept,Fogging,Puttenahalli
Revenue Department,Khata Services (Registration, Transfer, Bifurcation and Amalgamation),Konanakunte
Health Dept,Delay in issue of Trade licence,Jakkur
Solid Waste (Garbage) Related,Burning of Garbage in Open Space,Muneshwara Nagar
Health Dept,Increase in mosquito density,Dattathreya Temple
Solid Waste (Garbage) Related,Burning of Garbage in Open Space,Bilekahalli
veterinary,Anti Rabies Vaccination of stray dogs,Jakkasandra
Lakes,Lake not maintained properly,Doddanekkundi
Solid Waste (Garbage) Related,Garbage nuisance while transporting,Pulikeshi Nagar
Road Maintenance(Engg),Potholes,Yeshwanthpur
Parks and Play grounds,Gym/Children Play equipment in the parks,Jakkur
Solid Waste (Garbage) Related,Garbage nuisance while transporting,K.R.Market
Water Crisis,Water related issue,Dodda Bidarkallu
veterinary,Anti Rabies Vaccination of stray dogs,J.P.Nagar
E khata / Khata services,Khata / Ekhata mutation / transfer,Cottonpet
veterinary,Stray/Rabid dog bite,Konena Agrahara
E khata / Khata services,Technical Issue In Ekhata,Ullalu
E khata / Khata services,Khata / Ekhata mutation / transfer,Kammanahalli
Parks and Play grounds,Gym/Children Play equipment in the parks,Gottigere
Revenue Department,Discrepancy In Khata Certificate and Khata Extract,Hegganahalli
veterinary,Dog, cat Poor conditions / Breeding license validation,Kumaraswamy Layout
E khata / Khata services,Ekhata Other corrections,Jakkur
Traffic Engineer Cell (TEC),TEC,Yelachenahalli
Others,Others,H.M.T
E khata / Khata services,Ekhata - name correction,Doddanekkundi
veterinary,Pet dog licence,Karisandra
E khata / Khata services,new Khata / Ekhata registration / creation,H.M.T
veterinary,Stray/Rabid dog bite,Domlur
E khata / Khata services,Ekhata - name correction,Bilekahalli
Electrical,Open Electrical Junction Box,Ramamurthy Nagar
veterinary,Anti Rabies Vaccination of stray dogs,Vasanth Nagar
E khata / Khata services,Ekhata missing in online,Rajarajeshwari Nagar
Electrical,Street Lights Switched On During Day Time,Pattabhiram Nagar
Road Maintenance(Engg),Road cutting,Nayandanahalli
Markets,Encroachment,Padmanabha Nagar
E khata / Khata services,Ekhata Other corrections,Hongasandra
Electrical,Street Lights Switched On During Day Time,Peenya Industrial Area
E khata / Khata services,Other Khata / ekhata issues,Vidyapeetha
Health Dept,Unhygienic premises in Hotel etc,Kumaraswamy Layout
E khata / Khata services,Other Khata / ekhata issues,Herohalli
E khata / Khata services,Khata / Ekhata mutation / transfer,Jakkur
E khata / Khata services,Ekhata - name correction,Sudduguntepalya
Lakes,Dying of fishes in lake,Kuvempu Nagar
veterinary,Stray/Rabid dog bite,Ramaswamy Palya
E khata / Khata services,Ekhata - name correction,Ullalu
Electrical,Street Lights Switched On During Day Time,Nandini Layout
E khata / Khata services,ekhata approval pending with ARO,Giri Nagar
Solid Waste (Garbage) Related,Sweeping not done,Rayapuram
Parks and Play grounds,Environmental protection,Marathalli
Town Planning,UnAuthorised Building Constructions,Newthippasandra
Town Planning,Construction not done as per approved plan (Building Bye Law Violations),Newthippasandra
Solid Waste (Garbage) Related,Complaint against SW collector/ SWM official for violation of SWM Rules,Jakkasandra
Health Dept,Unhygienic premises in Hotel etc,Shankaramata
E khata / Khata services,Ekhata Other corrections,Kavalbyrasandra
Parks and Play grounds,Issues Related to Parks/Medians/Circles/Island.,T-Dasarahalli
Indira Canteen,Cleanliness,Bilekahalli
Road Maintenance(Engg),Potholes,Koramangala
veterinary,Animal Rescue - Not well - Requires attention,Rajagopala Nagar
Road Infrastructure,Road Infrastructure,Laggere
Sanitation,Public toilet(s) cleaning,Shettyhalli
Others,Others,Dattathreya Temple
Health Dept,Spraying,Nagapura
veterinary,Dog bite pet dog,Rajarajeshwari Nagar
Water Crisis,Water related issue,Anjanapur
Road Maintenance(Engg),Road cutting,Shankaramata
veterinary,Stray dog related complaints,Ejipura
Health Dept,Air/Noise pollution,Jayanagar East
veterinary,Feeder Harassment by Association / Gated Community,Benniganahalli
veterinary,Anti Rabies Vaccination of stray dogs,Thanisandra
Health Dept,Fogging,Anjanapur
Solid Waste (Garbage) Related,Garbage dumping in vacant sites,Rajaji Nagar
Health Dept,Spraying,J.P.Park
Solid Waste (Garbage) Related,Sweeping not done,Sampangiram Nagar
Electrical,Requirement For New Street Lights,Kumaraswamy Layout
veterinary,Mutton/Chicken/fish stall Unhygienic maintenance,Ullalu
Solid Waste (Garbage) Related,Sweeping not done,Govindraja Nagara
Road Infrastructure,Road Infrastructure,Rajaji Nagar
Town Planning,Construction not done as per approved plan (Building Bye Law Violations),Ganeshmandira Ward
Welfare Schemes,Schemes Related to BCM Program,Jnanabharathi Ward
Solid Waste (Garbage) Related,Dead animal(s),Anjanapur
E khata / Khata services,Ekhata - name correction,Bagalagunte
Revenue Department,Unable to generate the property tax challan,Bilekahalli
Road Maintenance(Engg),water stagnation,J.P.Nagar
veterinary,Anti Rabies Vaccination of stray dogs,Manorayanapalya
Electrical,Street Lights Switched On During Day Time,Chowdeshwari Ward
Road Maintenance(Engg),UnAuthorised Constructions,Kumaraswamy Layout
ಸಹಾಯಕ ಕಂದಾಯ ಅದಿಕಾರಿ ಕಛೇರಿಗೆ ಬೇಟಿಯಾಗಿ ಸಂಬಂಧಪಟ್ಟ ಅಧಿಕಾರಿಗಳೊಂದಿಗೆ ದಾಖಲೆಗಳನ್ನು ಪರಿಶೀಲಿಸಿ ಖಾತೆಯನ್ನು ಅಪ್ರೂವಲ್ ಪಡೆಯಲು ಈ ಮೂಲಕ ತಿಳಿಸಲಾಗಿದೆ.,Lokamatha /RO,,
E khata / Khata services,Ekhata Other corrections,Attiguppe
Solid Waste (Garbage) Related,Complaint against SW collector/ SWM official for violation of SWM Rules,Kacharakanahalli
veterinary,Anti Rabies Vaccination of stray dogs,Someshwara
Revenue Department,Khata Services (Registration, Transfer, Bifurcation and Amalgamation),Konena Agrahara
E khata / Khata services,ekhata approval pending with ARO,Shakthiganapathi Nagar
Electrical,Requirement For New Street Lights,Newthippasandra
E khata / Khata services,Ekhata Other corrections,Kengeri
ಸಹಾಯಕ ಕಂದಾಯ ಅದಿಕಾರಿ,ಕಛೇರಿಗೆ ಬೇಟಿಯಾಗಿ ಸಂಬಂಧಪಟ್ಟ ಅಧಿಕಾರಿಗಳಿಗೆ ತಿದ್ದುಪಡಿ ಮಾಡಲು ಅರ್ಜಿಸಲ್ಲಿಸಿ ಸರಿಪಡಿಸಿಕೊಂಡು ನಂತರ ಕಂದಾಯ ಅಧಿಕಾರಿ ರವರ ಲಾಗಿನ್ ನಲ್ಲಿ ಅಪ್ರೂವಲ್ ಮಾಡಿಸಿ ಅರ್ಜಿಯನ್ನು ಪಡೆಯಲು ಈ ಮೂಲಕ ತಿಳಿಸಲಾಗಿದ,Lokamatha /RO,
Road Maintenance(Engg),Road cutting,Kacharakanahalli
Storm  Water Drain(SWD),Maintenance of SWD,J.P.Nagar
E khata / Khata services,ekhata approval pending with ARO,Chikpete
veterinary,Feeder Harassment by Association / Gated Community,Jakkasandra
Health Dept,Fogging,Someshwara
veterinary,Animal birth control/neutering of stray dogs,Gangenahalli
Road Maintenance(Engg),Road cutting,Mallasandra
E khata / Khata services,Ekhata missing in online,Nagavara
Call Center,Call center Issues,Sanjay Nagar
Advertisement,Flex and banners,Thanisandra
Traffic Engineer Cell (TEC),TEC,Bapuji Nagar
Electrical,Street Lights Switched On During Day Time,Vasanth Nagar
E khata / Khata services,Ekhata missing in online,J.P.Park
Health Dept,Spraying,Chalavadipalya
Road Maintenance(Engg),footpath encroachment,Sanjay Nagar
E khata / Khata services,Ekhata Other corrections,Shanthala Nagar
Health Dept,Air/Noise pollution,Hosakerehalli
Advertisement,Flex and banners,Newthippasandra
Road Maintenance(Engg),Road side drains,Jayanagar East
E khata / Khata services,Ekhata missing in online,Byrasandra
E khata / Khata services,ekhata approval pending with ARO,Ullalu
Solid Waste (Garbage) Related,Garbage transfer not as per norms & area not kept clean,Marappana Palya
Health Dept,Air/Noise pollution,Shankaramata
E khata / Khata services,ekhata approval pending with ARO,Anjanapur
E khata / Khata services,Ekhata missing in online,Agrahara Dasarahalli
E khata / Khata services,Ekhata missing in online,Byatarayanapura
veterinary,Animal birth control/neutering of stray dogs,Jeevanbhima Nagar
E khata / Khata services,Ekhata Other corrections,Chokkasandra
Property Tax services,Other property tax issues,Thanisandra
Solid Waste (Garbage) Related,Sweeping not done,Lakkasandra
E khata / Khata services,Ekhata Other corrections,Hegganahalli
Property Tax services,unable to generate property tax challan,Kumaraswamy Layout
Solid Waste (Garbage) Related,Garbage dumping in vacant sites,Azad Nagar
E khata / Khata services,Technical Issue In Ekhata,Doddabommasandra
veterinary,Fatally injured - Needs immediate attention,Kaveripura
CORONA COVID19,Stockout,BTM Layout
Storm  Water Drain(SWD),Sewerage water left in SWD,Banaswadi
Water Crisis,Water related issue,Muneshwara Nagar
Forest,Issues related Snakes/Birds/Monkeys,Sanjay Nagar
Road Maintenance(Engg),Footpath,Shakthiganapathi Nagar
Health Dept,Unhygienic premises in Hotel etc,Kuvempu Nagar
Indira Canteen,Cleanliness of Utensils,Hebbal
Advertisement,Flex and banners,Nagarabhavi
Revenue Department,Khata Services (Registration, Transfer, Bifurcation and Amalgamation),Kempapura Agrahara
Others,Others,Vasanth Nagar
Health Dept,Spraying,Vasanth Nagar
Health Dept,Increase in mosquito density,Vasanth Nagar
Traffic Engineer Cell (TEC),TEC,Uttarahalli
Solid Waste (Garbage) Related,Garbage dumping in vacant sites,Hanumantha Nagar
Solid Waste (Garbage) Related,Dead animal(s),Subramanya Nagar
Sanitation,Public toilet(s) blockage,Devasandra
Health Dept,Unhygienic premises in Hotel etc,Subhash Nagar
Road Maintenance(Engg),UnAuthorised Constructions,Koramangala
Health Dept,Unhygienic premises in Hotel etc,Gandhi Nagar
Health Dept,Increase in mosquito density,Mahalakshmipuram
Health Dept,Unavailability of staff,Kuvempu Nagar
Road Maintenance(Engg),water leakage on road,Jnanabharathi Ward
veterinary,Anti Rabies Vaccination of stray dogs,Hongasandra
Solid Waste (Garbage) Related,Garbage dumping in vacant sites,Sri Rammandira
Markets,Encroachment,HSR Layout
Health Dept,Air/Noise pollution,Chowdeshwari Ward
Storm  Water Drain(SWD),Sewerage water left in SWD,Shettyhalli
Lakes,Lake not maintained properly,Benniganahalli
E khata / Khata services,Other Khata / ekhata issues,J.P.Nagar
Revenue Department,Khata Services (Registration, Transfer, Bifurcation and Amalgamation),Vijanapura
Health Dept,Dengue positive,Bharathi Nagar
Health Dept,Dengue positive,Hanumantha Nagar
Property Tax services,unable to generate property tax challan,Thanisandra
E khata / Khata services,Khata / Ekhata mutation / transfer,Hemmigepura
E khata / Khata services,Ekhata missing in online,Yelahanka old Satellite Town
E khata / Khata services,Khata / Ekhata mutation / transfer,Vasanthapura
Road Maintenance(Engg),Road cutting,Kadugondanahalli
Solid Waste (Garbage) Related,Burning of Garbage in Open Space,Gottigere
Road Maintenance(Engg),Overhanging cables,Nagapura
Electrical,Street Lights Switched On During Day Time,Nagavara
E khata / Khata services,Ekhata Other corrections,Shankaramata
veterinary,Animal birth control/neutering of stray dogs,Moodalapalya
Road Maintenance(Engg),UnAuthorised Constructions,Banaswadi
E khata / Khata services,ekhata approval pending with ARO,Chokkasandra
Lakes,Lake not maintained properly,Aramane Nagar
veterinary,Fatally injured - Needs immediate attention,Yelachenahalli
Revenue Department,Others (JC),Sri Rammandira
veterinary,Fatally injured - Needs immediate attention,Agrahara Dasarahalli
veterinary,Animal birth control/neutering of stray dogs,Yelahanka old Satellite Town
Solid Waste (Garbage) Related,Burning of Garbage in Open Space,Maruthi Mandira Ward
Indira Canteen,Food Quality,Chokkasandra
Electrical,Requirement For New Street Lights,Hegganahalli
Health Dept,Unhygienic  premises in hospital,Byrasandra
E khata / Khata services,Khata / Ekhata mutation / transfer,Konanakunte
Forest,Issues related Snakes/Birds/Monkeys,Pulikeshi Nagar
E khata / Khata services,Ekhata missing in online,Chowdeshwari Ward
Revenue Department,Khata Services (Registration, Transfer, Bifurcation and Amalgamation),Vishwanathnagenahalli
E khata / Khata services,Khata / Ekhata mutation / transfer,Hosakerehalli
E khata / Khata services,Ekhata missing in online,Garudacharpalya
Town Planning,Construction not done as per approved plan (Building Bye Law Violations),T-Dasarahalli
veterinary,Anti Rabies Vaccination of stray dogs,Nandini Layout
Optical Fiber Cables (OFC),Without permission digging of road,Arakere
Solid Waste (Garbage) Related,Burning of Garbage in Open Space,Nagavara
Solid Waste (Garbage) Related,Public dustbins not cleaned,Jakkur
veterinary,Stray/Rabid dog bite,Hampi Nagar
E khata / Khata services,ekhata approval pending with ARO,Rajarajeshwari Nagar
Property Tax services,unable to generate property tax challan,Karisandra
E khata / Khata services,Ekhata Area Correction,Bellandur
E khata / Khata services,Ekhata Other corrections,K.R.Puram
veterinary,Animal birth control/neutering of stray dogs,Sudduguntepalya
Information Technology,Others(Technical or Software Issues),Kammanahalli
E khata / Khata services,Khata / Ekhata mutation / transfer,Jnanabharathi Ward
E khata / Khata services,Khata / Ekhata mutation / transfer,Sunkenahalli
Sanitation,Public toilet(s) cleaning,Basavanagudi
Forest,Issues related Snakes/Birds/Monkeys,Karisandra
E khata / Khata services,Khata / Ekhata mutation / transfer,Thanisandra
E khata / Khata services,Ekhata - name correction,Chamrajpet
veterinary,Feeder Harassment by Association / Gated Community,Anjanapur
Solid Waste (Garbage) Related,Garbage nuisance while transporting,Hanumantha Nagar
Health Dept,Indira Canteen,Vignana Nagar
Lakes,Lake not maintained properly,Yelahanka old Satellite Town
Parks and Play grounds,Issues Related to Parks/Medians/Circles/Island.,Gandhi Nagar
veterinary,Stray cattle related complaints,Hemmigepura
veterinary,Animal birth control/neutering of stray dogs,Chikkalasandra
Road Maintenance(Engg),UnAuthorised Constructions,Karisandra
Electrical,Street Lights Switched On During Day Time,Devasandra
Road Infrastructure,Road Infrastructure,Subhash Nagar
Sanitation,Public toilet(s) blockage,Hanumantha Nagar
Health Dept,Air/Noise pollution,Gurappanapalya
Road Maintenance(Engg),Potholes,Dr.Rajkumar Ward
Health Dept,Spraying,Singasandra
Parks and Play grounds,Gym/Children Play equipment in the parks,Kamakshipalya
Electrical,Park Lights Not Working,Karisandra
Parks and Play grounds,Gym/Children Play equipment in the parks,Rajaji Nagar
Storm  Water Drain(SWD),Sewerage water left in SWD,Attiguppe
Road Maintenance(Engg),Overhanging cables,Kengeri
Lakes,Sewage inflow to lake,Vasanthapura
Town Planning,UnAuthorised Building Constructions,Karisandra
Road Maintenance(Engg),footpath encroachment,Kengeri
Advertisement,Flex and banners,T-Dasarahalli
Health Dept,Air/Noise pollution,Doddanekkundi
Solid Waste (Garbage) Related,Dead animal(s),Jayanagar East
Road Maintenance(Engg),footpath encroachment,Hongasandra
Electrical,Street Lights Switched On During Day Time,Yadiyuru
Advertisement,Unsafe Hoardings,Benniganahalli
Road Maintenance(Engg),Potholes,Kamakshipalya
Advertisement,Unsafe Hoardings,Bellandur
Road Maintenance(Engg),UnAuthorised Constructions,Vijanapura
Solid Waste (Garbage) Related,Dead animal(s),Nagapura
Health Dept,Spraying,Gandhi Nagar
Road Maintenance(Engg),Potholes,Marenahalli
Solid Waste (Garbage) Related,Garbage nuisance while transporting,Hoodi
Electrical,Park Lights Not Working,Konanakunte
Health Dept,Increase in mosquito density,Yelahanka old Satellite Town
Road Maintenance(Engg),Footpath,Gayathri Nagar
Sanitation,Urination in Public/Open Defecation,Maruthi Mandira Ward
veterinary,Stray dog related complaints,Rajagopala Nagar
Road Maintenance(Engg),Road cutting,Hebbal
Solid Waste (Garbage) Related,Complaint against SW collector/ SWM official for violation of SWM Rules,Gayathri Nagar
Lakes,Dumping of garbage into lake,Aramane Nagar
Road Maintenance(Engg),Road cutting,Aramane Nagar
Electrical,Park Lights Not Working,Bellandur
Road Maintenance(Engg),UnAuthorised Constructions,Visvesvarapuram
veterinary,Animal birth control/neutering of stray dogs,Madiwala
Health Dept,Air/Noise pollution,Gayathri Nagar
Electrical,Earthing Issue relate to Electric Poles/Panel Boards,Vidyapeetha
Advertisement,Unsafe Hoardings,Varthur
veterinary,Awareness session / Request for a session,Lakshmidevi Nagar
Traffic Engineer Cell (TEC),TEC,Gali Anjaneya Swamy Temple Ward
Indira Canteen,Food Quality,Yelahanka old Satellite Town
Indira Canteen,Food Quantity,Yelahanka old Satellite Town
veterinary,Stray/Rabid dog bite,Laggere
Electrical,Park Lights Not Working,Madiwala
veterinary,Animal Cruelty/Ill-Treated / Abused,HSR Layout
Health Dept,Increase in mosquito density,Neelasandra
Road Maintenance(Engg),Debris Removal / Construction Material,Jalahalli
Health Dept,Increase in mosquito density,Jakkasandra
E khata / Khata services,ekhata approval pending with ARO,Jogupalya
Forest,obstructions Branches / Trees.,Rajagopala Nagar
E khata / Khata services,Other Khata / ekhata issues,Maruthi Seva Nagar
Projects Central,Potholes,Gandhi Nagar
Town Planning,UnAuthorised Building Constructions,Sri Rammandira
Electrical,Requirement For New Street Lights,Nayandanahalli
Health Dept,Dengue positive,Hongasandra
E khata / Khata services,Ekhata - name correction,Hanumantha Nagar
Advertisement,Flex and banners,Jaraganahalli
veterinary,Stray dog related complaints,Jayanagar East
Road Maintenance(Engg),Footpath,Uttarahalli
Solid Waste (Garbage) Related,Segregation of waste is not done,Hoodi
E khata / Khata services,Ekhata missing in online,Siddapura
veterinary,Stray dog related complaints,Hosakerehalli
Road Maintenance(Engg),Road cutting,Karisandra
veterinary,Stray/Rabid dog bite,Shakambari Nagar
Solid Waste (Garbage) Related,Garbage dumping in vacant sites,Basavanagudi
veterinary,Stray/Rabid dog bite,Bapuji Nagar
Parks and Play grounds,Gym/Children Play equipment in the parks,Shankaramata
Others,Others,Hanumantha Nagar
Health Dept,Fogging,Herohalli
veterinary,Animal birth control/neutering of stray dogs,Kadugodi
Road Maintenance(Engg),Road cutting,Chikkalasandra
Town Planning,UnAuthorised Building Constructions,Dr.Rajkumar Ward
Road Maintenance(Engg),Footpath,Rajaji Nagar
veterinary,Stray dog related complaints,Neelasandra
Storm  Water Drain(SWD),Maintenance of SWD,Dr.Rajkumar Ward
Solid Waste (Garbage) Related,Dead animal(s),Mahalakshmipuram
Solid Waste (Garbage) Related,Complaint against SW collector/ SWM official for violation of SWM Rules,J.P.Park
Road Maintenance(Engg),UnAuthorised Constructions,Chamrajpet
E khata / Khata services,Ekhata - name correction,Chowdeshwari Ward
veterinary,Pet dog licence,Nagapura
Road Maintenance(Engg),Road side drains,Dr.Rajkumar Ward
Electrical,Earthing Issue relate to Electric Poles/Panel Boards,Hampi Nagar
Town Planning,Construction not done as per approved plan (Building Bye Law Violations),Kottigepalya
Road Maintenance(Engg),UnAuthorised Constructions,Yadiyuru
veterinary,Street dog Adaptation process details,Jayanagar East
E khata / Khata services,Technical Issue In Ekhata,Sunkenahalli
veterinary,Animal Rescue - Not well - Requires attention,Devarajeevanahalli
veterinary,Animal birth control/neutering of stray dogs,Kempegowda Ward
Health Dept,Air/Noise pollution,Shakambari Nagar
veterinary,Animal birth control/neutering of stray dogs,BTM Layout
Road Maintenance(Engg),Overhanging cables,Vidyapeetha
Solid Waste (Garbage) Related,Sweeping not done,Dayananda Nagar
Health Dept,Increase in mosquito density,Vidyapeetha
Road Maintenance(Engg),Overhanging cables,Hemmigepura
Road Maintenance(Engg),Overhanging cables,Hoysala Nagar
Lakes,Lake not maintained properly,Kengeri
Forest,obstructions Branches / Trees.,Chikkalasandra
veterinary,Stray dog related complaints,Kaveripura
Forest,obstructions Branches / Trees.,Mallasandra
Electrical,Street Lights Switched On During Day Time,Bagalagunte
Road Infrastructure,Road Infrastructure,Bapuji Nagar
Parks and Play grounds,Environmental protection,Hoysala Nagar
Health Dept,Increase in mosquito density,Bagalagunte
Health Dept,Air/Noise pollution,Bommanahalli
Town Planning,UnAuthorised Building Constructions,HBR Layout
Electrical,Earthing Issue relate to Electric Poles/Panel Boards,Vijay Nagar
Health Dept,Increase in mosquito density,Doddabommasandra
waste dump by neighbours n other people on vacant site opposite to our house causing lot of mosquitos,rats,lizard to be home n affect the residence health. We have put efforcto find site owner phone number and adress and informed BBMP vidyaranyapura to take action and help to clean the vacant site.However
E khata / Khata services,Ekhata Other corrections,Jeevanbhima Nagar
veterinary,Fatally injured - Needs immediate attention,C.V.Raman Nagar
E khata / Khata services,Ekhata missing in online,Peenya Industrial Area
Health Dept,Dengue positive,Prakash Nagar
Road Maintenance(Engg),UnAuthorised Constructions,Vasanthapura
E khata / Khata services,Ekhata Area Correction,Ejipura
veterinary,Animal Cruelty/Ill-Treated / Abused,T-Dasarahalli
Solid Waste (Garbage) Related,Dead animal(s),Byrasandra
Health Dept,Unhygienic premises in Hotel etc,Byrasandra
E khata / Khata services,Ekhata Other corrections,Kuvempu Nagar
E khata / Khata services,Ekhata Other corrections,Jaraganahalli
Road Maintenance(Engg),footpath encroachment,Herohalli
veterinary,Fatally injured - Needs immediate attention,Chalavadipalya
E khata / Khata services,Khata / Ekhata mutation / transfer,Ganga Nagar
Health Dept,Indira Canteen,Bommanahalli
veterinary,Dog, cat Poor conditions / Breeding license validation,Chikpete
Solid Waste (Garbage) Related,Garbage transfer not as per norms & area not kept clean,Govindraja Nagara
Lakes,Dumping of garbage into lake,H.M.T
E khata / Khata services,Other Khata / ekhata issues,Hebbal
Road Maintenance(Engg),Overhanging cables,Dharmarayaswamy Temple Ward
Property Tax services,Property tax owner name not updated,Kaveripura
Parks and Play grounds,Issues Related to Parks/Medians/Circles/Island.,Shanthi Nagar
Advertisement,Unsafe Hoardings,Jogupalya
Solid Waste (Garbage) Related,Sweeping not done,Nagavara
Electrical,Street Lights Switched On During Day Time,Newthippasandra
Lakes,Sewage inflow to lake,Mangammanapalya
veterinary,Mutton/Chicken/fish stall Unhygienic maintenance,Jeevanbhima Nagar
veterinary,Fatally injured - Needs immediate attention,Kumaraswamy Layout
Health Dept,Increase in mosquito density,K.R.Puram
E khata / Khata services,ekhata approval pending with ARO,Konena Agrahara
Health Dept,Unhygienic premises in Hotel etc,Gayathri Nagar
E khata / Khata services,Technical Issue In Ekhata,Attiguppe
Solid Waste (Garbage) Related,Garbage transfer not as per norms & area not kept clean,Hagadooru
Health Dept,Unhygienic premises in Hotel etc,Sagayapuram
because it poses risk to elders and children playing around. Even BBMP waste collection vehicles are unable to go the street causing people to drop waste on road sides. Please consider this as urgent issue.,Vinay/AEE,,
Solid Waste (Garbage) Related,Sweeping not done,Dr.Rajkumar Ward
Sanitation,Urination in Public/Open Defecation,Hoysala Nagar
E khata / Khata services,new Khata / Ekhata registration / creation,Banaswadi
Road Maintenance(Engg),Footpath,HAL Airport
veterinary,"Pet licensing / Pet shop licensing  / Breeder licensing ",Newthippasandra
Solid Waste (Garbage) Related,Sweeping not done,Shiva Nagar
E khata / Khata services,ekhata approval pending with ARO,Bilekahalli
Sanitation,Public toilet(s) cleaning,Hampi Nagar
Solid Waste (Garbage) Related,Garbage dumping in vacant sites,Jagajeevanram Nagar
Road Maintenance(Engg),Road side drains,Jayachamarajendra Nagar
Storm  Water Drain(SWD),Maintenance of SWD,Vijay Nagar
veterinary,Fatally injured - Needs immediate attention,Moodalapalya
veterinary,Stray/Rabid dog bite,HAL Airport
Others,Others,Vidyapeetha
Electrical,Requirement For New Street Lights,Malleshwaram
Solid Waste (Garbage) Related,Sweeping not done,Radhakrishna Temple
Solid Waste (Garbage) Related,Burning of Garbage in Open Space,Bagalagunte
Revenue Department,Khata Services (Registration, Transfer, Bifurcation and Amalgamation),Kodigehalli
Storm  Water Drain(SWD),Sewerage water left in SWD,Nagarabhavi
Solid Waste (Garbage) Related,Garbage transfer not as per norms & area not kept clean,Shakambari Nagar
Health Dept,Fogging,Kodigehalli
veterinary,Stray/Rabid dog bite,Nagarabhavi
Electrical,Requirement For New Street Lights,Visvesvarapuram
Traffic Engineer Cell (TEC),TEC,Doddanekkundi
Road Maintenance(Engg),Debris Removal / Construction Material,Peenya Industrial Area
E khata / Khata services,Ekhata missing in online,Kuvempu Nagar
Sanitation,Urination in Public/Open Defecation,Rajarajeshwari Nagar
E khata / Khata services,ekhata approval pending with ARO,Kuvempu Nagar
Electrical,Park Lights Not Working,Dr.Rajkumar Ward
Health Dept,Unhygienic premises in Hotel etc,Maruthi Mandira Ward
Road Infrastructure,Road Infrastructure,Aramane Nagar
Solid Waste (Garbage) Related,Garbage transfer not as per norms & area not kept clean,Kodigehalli
Health Dept,Unhygienic premises in Hotel etc,Varthur
Road Maintenance(Engg),water leakage on road,Someshwara
Town Planning,Construction not done as per approved plan (Building Bye Law Violations),Hemmigepura
E khata / Khata services,Ekhata missing in online,Jaraganahalli
veterinary,Animal Rescue - Not well - Requires attention,Hebbal
E khata / Khata services,Ekhata Other corrections,Rajarajeshwari Nagar
veterinary,Animal Death Need cremartion support,Jakkur
Revenue Department,Others (JC),Jakkur
Electrical,Requirement For New Street Lights,Chowdeshwari Ward
E khata / Khata services,Ekhata - name correction,Kadugodi
Property Tax services,Property tax refund / adjustment,Kadugodi
Advertisement,Flex and banners,Binnipet
E khata / Khata services,Ekhata Other corrections,Mathikere
Revenue Department,Unable to Generate the receipt after property tax payment.,Kadugodi
Solid Waste (Garbage) Related,Garbage transfer not as per norms & area not kept clean,Herohalli
E khata / Khata services,Other Khata / ekhata issues,Jaraganahalli
Electrical,Street Lights Switched On During Day Time,Ulsoor
Property Tax services,Property tax owner name not updated,Bellandur
veterinary,Street dogs attacking-pet Dogs,Hoodi
Property Tax services,Property tax owner name not updated,Koramangala
E khata / Khata services,Other Khata / ekhata issues,Padmanabha Nagar
veterinary,Animal Cruelty/Ill-Treated / Abused,Horamavu
Parks and Play grounds,Gym/Children Play equipment in the parks,Kavalbyrasandra
veterinary,Feeder Harassment  by Individual / Mob but no association,Horamavu
Storm  Water Drain(SWD),Maintenance of SWD,Herohalli
Solid Waste (Garbage) Related,Complaint against SW collector/ SWM official for violation of SWM Rules,Devasandra
E khata / Khata services,Ekhata missing in online,Jayamahal
Road Maintenance(Engg),Footpath,Visvesvarapuram
Road Maintenance(Engg),water leakage on road,Marathalli
Solid Waste (Garbage) Related,Dead animal(s),S.K.Garden
Solid Waste (Garbage) Related,Garbage vehicle not arrived,Kamakshipalya
Solid Waste (Garbage) Related,Segregation of waste is not done,Shiva Nagar
Sanitation,Urination in Public/Open Defecation,Jogupalya
Revenue Department,Unable to Generate the receipt after property tax payment.,Jakkur
Parks and Play grounds,Inspection not done,Byrasandra
Solid Waste (Garbage) Related,Garbage transfer not as per norms & area not kept clean,Binnipet
Solid Waste (Garbage) Related,Garbage transfer not as per norms & area not kept clean,Rajarajeshwari Nagar
Health Dept,Increase in mosquito density,Hombegowda Nagar
Health Dept,Spraying,Hombegowda Nagar
,AE Ward 181/AE,,
Indira Canteen,Food Quality,T-Dasarahalli
Revenue Department,Unable to generate the property tax challan,Singasandra
Storm  Water Drain(SWD),Sewerage water left in SWD,Vishwanathnagenahalli
Storm  Water Drain(SWD),Garbage thrown in storm water drain,Vishwanathnagenahalli
veterinary,Anti Rabies Vaccination of stray dogs,Vishwanathnagenahalli
Electrical,Earthing Issue relate to Electric Poles/Panel Boards,Gottigere
Storm  Water Drain(SWD),Maintenance of SWD,Subedarapalya
Solid Waste (Garbage) Related,Dead animal(s),Shakambari Nagar
Electrical,Requirement For New Street Lights,Devarajeevanahalli
Sanitation,Urination in Public/Open Defecation,Padmanabha Nagar
Lakes,Lake fencing damaged,Rajarajeshwari Nagar
veterinary,Mutton/Chicken/fish stall Unhygienic maintenance,Hanumantha Nagar
E khata / Khata services,Ekhata - name correction,HBR Layout
Electrical,Requirement For New Street Lights,Shettyhalli
Solid Waste (Garbage) Related,Sweeping not done,S.K.Garden
Parks and Play grounds,Play Grounds,HSR Layout
Others,Others,Vannarpet
Electrical,Street Lights Switched On During Day Time,Ejipura
E khata / Khata services,Ekhata Area Correction,Vijay Nagar
veterinary,Animal Cruelty/Ill-Treated / Abused,Hagadooru
Advertisement,Flex and banners,HSR Layout
veterinary,Dog, cat Poor conditions / Breeding license validation,Konanakunte
E khata / Khata services,Other Khata / ekhata issues,Kushal Nagar
E khata / Khata services,Ekhata - name correction,C.V.Raman Nagar
Town Planning,Construction not done as per approved plan (Building Bye Law Violations),Agaram
E khata / Khata services,Ekhata Area Correction,Mangammanapalya
Solid Waste (Garbage) Related,Sweeping not done,Yeshwanthpur
E khata / Khata services,Other Khata / ekhata issues,Pattabhiram Nagar
Parks and Play grounds,Issues Related to Parks/Medians/Circles/Island.,Chikpete
Town Planning,UnAuthorised Building Constructions,Jagajeevanram Nagar
Others,Others,Yadiyuru
Road Maintenance(Engg),Road side drains,J.P.Nagar
veterinary,Stray/Rabid dog bite,Shivaji Nagar
Advertisement,Flex and banners,Ramamurthy Nagar
Solid Waste (Garbage) Related,Dead animal(s),J.P.Nagar
E khata / Khata services,Ekhata - name correction,Jnanabharathi Ward
veterinary,Animal Rescue - Not well - Requires attention,Nayandanahalli
Health Dept,Air/Noise pollution,HAL Airport
Road Maintenance(Engg),Footpath,Bagalagunte
Solid Waste (Garbage) Related,Garbage nuisance while transporting,Padmanabha Nagar
Solid Waste (Garbage) Related,Burning of Garbage in Open Space,Radhakrishna Temple
veterinary,Animal birth control/neutering of stray dogs,Sri Rammandira
Health Dept,Air/Noise pollution,Hongasandra
veterinary,Animal birth control/neutering of stray dogs,Mahalakshmipuram
Solid Waste (Garbage) Related,Complaint against SW collector/ SWM official for violation of SWM Rules,Shanthi Nagar
Road Maintenance(Engg),Potholes,Cottonpet
Solid Waste (Garbage) Related,Burning of Garbage in Open Space,Subhash Nagar
Health Dept,Fogging,Rajagopala Nagar
Solid Waste (Garbage) Related,Garbage transfer not as per norms & area not kept clean,Sagayapuram
Health Dept,Fogging,Hebbal
Health Dept,Fogging,Jeevanbhima Nagar
Health Dept,Air/Noise pollution,Pulikeshi Nagar
Health Dept,Increase in mosquito density,Kengeri
Health Dept,Air/Noise pollution,Jayangar
Health Dept,Fogging,Hongasandra
Health Dept,Air/Noise pollution,Padarayanapura
Solid Waste (Garbage) Related,Garbage transfer not as per norms & area not kept clean,Nagavara
Road Maintenance(Engg),Potholes,Mahalakshmipuram
Revenue Department,Unable to generate the property tax challan,Shettyhalli
Property Tax services,Property tax owner name not updated,Ullalu
E khata / Khata services,Other Khata / ekhata issues,Visvesvarapuram
Road Maintenance(Engg),Footpath,Madiwala
E khata / Khata services,ekhata approval pending with ARO,Bagalagunte
Electrical,Requirement For New Street Lights,Kacharakanahalli
CORONA COVID19,Stockout,Ejipura
Lakes,Sewage inflow to lake,Kuvempu Nagar
Electrical,Requirement For New Street Lights,HSR Layout
Road Maintenance(Engg),Road side drains,Marenahalli
Revenue Department,Unable to generate the property tax challan,HAL Airport
Revenue Department,Others (JC),Jayamahal
Water Crisis,Water related issue,Kushal Nagar
veterinary,Stray dog related complaints,S.K.Garden
E khata / Khata services,Ekhata Other corrections,Byrasandra
E khata / Khata services,Technical Issue In Ekhata,Chikkalasandra
Electrical,Requirement For New Street Lights,Yelachenahalli
veterinary,"Pet licensing / Pet shop licensing  / Breeder licensing ",Puttenahalli
Solid Waste (Garbage) Related,Garbage transfer not as per norms & area not kept clean,Jayachamarajendra Nagar
veterinary,Anti Rabies Vaccination of stray dogs,Kempegowda Ward
E khata / Khata services,new Khata / Ekhata registration / creation,Hagadooru
Road Maintenance(Engg),Road side drains,Ganeshmandira Ward
Solid Waste (Garbage) Related,Segregation of waste is not done,Padmanabha Nagar
Revenue Department,Unable to generate the property tax challan,Hemmigepura
Advertisement,Flex and banners,Okalipuram
Advertisement,Flex and banners,Agaram
Electrical,Requirement For New Street Lights,Yelahanka old Satellite Town
Solid Waste (Garbage) Related,Sweeping not done,Vijanapura
Solid Waste (Garbage) Related,Garbage transfer not as per norms & area not kept clean,Kumaraswamy Layout
Road Maintenance(Engg),Road cutting,Visvesvarapuram
Solid Waste (Garbage) Related,Complaint against SW collector/ SWM official for violation of SWM Rules,Hampi Nagar
Road Maintenance(Engg),footpath encroachment,Jogupalya
Electrical,Street Lights Switched On During Day Time,Katriguppe
E khata / Khata services,new Khata / Ekhata registration / creation,Madiwala
AND THIS PROPERTY IS PARBARE CASE SO HERE NOT FO KHATA . AND AS INFORMED THROUGH IN PHONE CALL TO APPLICANT,AND HE IS AGREE.,Purushottam/ARO,
Water Crisis,Water related issue,Mangammanapalya
Health Dept,Fogging,J.P.Nagar
Sanitation,Urination in Public/Open Defecation,Jayamahal
Solid Waste (Garbage) Related,Garbage nuisance while transporting,Bagalagunte
Solid Waste (Garbage) Related,Sweeping not done,Mangammanapalya
Health Dept,Increase in mosquito density,Shivaji Nagar
Solid Waste (Garbage) Related,Burning of Garbage in Open Space,Kuvempu Nagar
Health Dept,Spraying,Kacharakanahalli
Welfare Schemes,Senior  Citizen,Garudacharpalya
Indira Canteen,Food Quality,Sarakki
Electrical,Park Lights Not Working,Shakthiganapathi Nagar
Revenue Department,Discrepancy In Khata Certificate and Khata Extract,Ullalu
Indira Canteen,Others,Gandhi Nagar
Water Crisis,Water related issue,Ullalu
Solid Waste (Garbage) Related,Burning of Garbage in Open Space,Konena Agrahara
veterinary,Stray/Rabid dog bite,Gayathri Nagar
Projects Central,Potholes,Azad Nagar
Lakes,Dumping of garbage into lake,Vignana Nagar
Solid Waste (Garbage) Related,Burning of Garbage in Open Space,Lakkasandra
veterinary,Street dogs attacking-pet Dogs,Kodigehalli
Parks and Play grounds,Play Grounds,Benniganahalli
E khata / Khata services,Ekhata - name correction,Vasanthapura
E khata / Khata services,Ekhata Area Correction,Hoysala Nagar
Road Maintenance(Engg),Debris Removal / Construction Material,Garudacharpalya
Electrical,Requirement For New Street Lights,Mathikere
Road Maintenance(Engg),UnAuthorised Constructions,Singasandra
Road Infrastructure,Road Infrastructure,Gangenahalli
Health Dept,Dengue positive,Konanakunte
Town Planning,Noise during Building Construction,Byatarayanapura
Town Planning,Noise during Building Construction,Radhakrishna Temple
Lakes,Dumping of garbage into lake,C.V.Raman Nagar
Solid Waste (Garbage) Related,Dead animal(s),Hongasandra
E khata / Khata services,Technical Issue In Ekhata,Uttarahalli
Property Tax services,Issues in property tax portal,Rajarajeshwari Nagar
Indira Canteen,Food Quantity,Banaswadi
veterinary,Mutton/Chicken/fish stall Unhygienic maintenance,Azad Nagar
Solid Waste (Garbage) Related,Complaint against SW collector/ SWM official for violation of SWM Rules,Bapuji Nagar
Solid Waste (Garbage) Related,Garbage dumping in vacant sites,Deepanjali Nagar
veterinary,Animal Cruelty/Ill-Treated / Abused,Vidyapeetha
Advertisement,Flex and banners,Mangammanapalya
Road Maintenance(Engg),Road side drains,Govindraja Nagara
veterinary,Aged street dogs please take action,Laggere
Road Maintenance(Engg),Debris Removal / Construction Material,Ulsoor
veterinary,Request for New feeder Points,Arakere
E khata / Khata services,ekhata approval pending with ARO,Marathalli
Revenue Department,Khata Services (Registration, Transfer, Bifurcation and Amalgamation),Dodda Bidarkallu
E khata / Khata services,Ekhata Area Correction,Basavanapura
Advertisement,Flex and banners,Moodalapalya
E khata / Khata services,Khata / Ekhata mutation / transfer,Dharmarayaswamy Temple Ward
Health Dept,Air/Noise pollution,Nandini Layout
E khata / Khata services,Technical Issue In Ekhata,Bilekahalli
Electrical,Street Lights Switched On During Day Time,Sudduguntepalya
Road Maintenance(Engg),Road side drains,Sagayapuram
E khata / Khata services,Other Khata / ekhata issues,Hosakerehalli
E khata / Khata services,Technical Issue In Ekhata,A.Narayanapura
E khata / Khata services,ekhata approval pending with ARO,Ejipura
Solid Waste (Garbage) Related,Garbage nuisance while transporting,BTM Layout
Parks and Play grounds,Gym/Children Play equipment in the parks,Hanumantha Nagar
Advertisement,Unsafe Hoardings,Basaveshwara Nagar
Road Maintenance(Engg),water leakage on road,Hongasandra
Health Dept,Increase in mosquito density,Hongasandra
veterinary,Animal birth control/neutering of stray dogs,Kamakshipalya
veterinary,Stray/Rabid dog bite,Sudduguntepalya
Electrical,Earthing Issue relate to Electric Poles/Panel Boards,Sudam Nagar
veterinary,Animal Rescue - Not well - Requires attention,Azad Nagar
Electrical,Park Lights Not Working,Chikpete
Advertisement,Flex and banners,Hosahalli
Estate,Encroachment,Vasanthapura
Electrical,Earthing Issue relate to Electric Poles/Panel Boards,Someshwara
veterinary,Stray cattle related complaints,Dr.Rajkumar Ward
Town Planning,Noise during Building Construction,Kuvempu Nagar
Lakes,Dumping of garbage into lake,Hanumantha Nagar
veterinary,Animal Cruelty/Ill-Treated / Abused,Lingarajapuram
Solid Waste (Garbage) Related,Segregation of waste is not done,Kodigehalli
Road Maintenance(Engg),Road side drains,Shakthiganapathi Nagar
Solid Waste (Garbage) Related,Burning of Garbage in Open Space,Newthippasandra
Solid Waste (Garbage) Related,Burning of Garbage in Open Space,Sunkenahalli
Solid Waste (Garbage) Related,Garbage nuisance while transporting,Laggere
Sanitation,Urination in Public/Open Defecation,Jayangar
veterinary,Dog bite pet dog,Kuvempu Nagar
Advertisement,Flex and banners,Marenahalli
Road Maintenance(Engg),footpath encroachment,Ullalu
Health Dept,Zonal Violation of the Building,Jnanabharathi Ward
Solid Waste (Garbage) Related,Sweeping not done,Hongasandra
Optical Fiber Cables (OFC),Without permission digging of road,Sudam Nagar
Solid Waste (Garbage) Related,Garbage transfer not as per norms & area not kept clean,Yelahanka old Satellite Town
veterinary,Animal Cruelty/Ill-Treated / Abused,Puttenahalli
Sanitation,Public toilet(s) blockage,Visvesvarapuram
Health Dept,Zonal Violation of the Building,Nagapura
Sanitation,Urination in Public/Open Defecation,Gandhi Nagar
Town Planning,UnAuthorised Building Constructions,Nagapura
Solid Waste (Garbage) Related,Garbage transfer not as per norms & area not kept clean,Visvesvarapuram
Road Maintenance(Engg),Road side drains,Aramane Nagar
Solid Waste (Garbage) Related,Garbage dumping in vacant sites,Puttenahalli
Road Maintenance(Engg),Overhanging cables,Doddanekkundi
Indira Canteen,Others,Bagalagunte
Solid Waste (Garbage) Related,Dead animal(s),Nayandanahalli
Water Crisis,Water related issue,Kadugondanahalli
veterinary,Animal Cruelty/Relocated,Dharmarayaswamy Temple Ward
E khata / Khata services,ekhata approval pending with ARO,Dodda Bidarkallu
Sanitation,Urination in Public/Open Defecation,Kadugodi
Property Tax services,Property tax refund / adjustment,Singasandra
Property Tax services,Property tax refund / adjustment,Begur
E khata / Khata services,Ekhata Area Correction,Mallasandra
Water Crisis,Water related issue,Mahalakshmipuram
and create your katha page.,Lokamatha /RO,,
Solid Waste (Garbage) Related,Garbage dump,Rayapuram
Town Planning,UnAuthorised Building Constructions,Radhakrishna Temple
Solid Waste (Garbage) Related,Garbage dumping in vacant sites,Katriguppe
E khata / Khata services,Ekhata Area Correction,Shettyhalli
veterinary,Animal birth control/neutering of stray dogs,Yadiyuru
Parks and Play grounds,Gym/Children Play equipment in the parks,Hagadooru
Road Maintenance(Engg),Debris Removal / Construction Material,Vijay Nagar
Electrical,Open Electrical Junction Box,Jaraganahalli
Others,Others,Laggere
E khata / Khata services,Khata / Ekhata mutation / transfer,Begur
E khata / Khata services,Ekhata Area Correction,Garudacharpalya
Advertisement,Unsafe Hoardings,Attiguppe
E khata / Khata services,Khata / Ekhata mutation / transfer,H.M.T
Solid Waste (Garbage) Related,Garbage transfer not as per norms & area not kept clean,Azad Nagar
E khata / Khata services,Ekhata Other corrections,Shettyhalli
veterinary,Animal birth control/neutering of stray dogs,Chokkasandra
E khata / Khata services,ekhata approval pending with ARO,K.R.Puram
Road Maintenance(Engg),Road cutting,Sarakki
E khata / Khata services,Other Khata / ekhata issues,Benniganahalli
veterinary,Stray cattle related complaints,Shankaramata
Solid Waste (Garbage) Related,Garbage transfer not as per norms & area not kept clean,Gurappanapalya
veterinary,Animal birth control/neutering of stray dogs,Kadugondanahalli
E khata / Khata services,Ekhata missing in online,Pattabhiram Nagar
veterinary,Feeder Harassment by Association / Gated Community,Arakere
Solid Waste (Garbage) Related,Garbage transfer not as per norms & area not kept clean,Kamakshipalya
Sanitation,No water supply in public toilet(s),Bagalagunte
Solid Waste (Garbage) Related,Garbage nuisance while transporting,Kodigehalli
Storm  Water Drain(SWD),Garbage thrown in storm water drain,Kempegowda Ward
veterinary,Dog, cat Poor conditions / Breeding license validation,Mahalakshmipuram
Health Dept,Fogging,Varthur
Electrical,Street Lights Switched On During Day Time,Kavalbyrasandra
Electrical,Open Electrical Junction Box,Pulikeshi Nagar
Electrical,Street Lights Switched On During Day Time,Maruthi Seva Nagar
Road Maintenance(Engg),Road cutting,Nagavara
Health Dept,Increase in mosquito density,Devasandra
Sanitation,Urination in Public/Open Defecation,Shettyhalli
Parks and Play grounds,Issues Related to Parks/Medians/Circles/Island.,Kaveripura
Road Maintenance(Engg),Footpath,Chikpete
Health Dept,Unhygienic premises in Hotel etc,Kacharakanahalli
veterinary,Stray/Rabid dog bite,Sarakki
Storm  Water Drain(SWD),Sewerage water left in SWD,Bagalagunte
Electrical,Park Lights Not Working,Attiguppe
Solid Waste (Garbage) Related,Burning of Garbage in Open Space,Doddanekkundi
veterinary,Mutton/Chicken/fish stall Unhygienic maintenance,HSR Layout
Lakes,Lake fencing damaged,HAL Airport
Health Dept,Air/Noise pollution,Chikpete
veterinary,Anti Rabies Vaccination of stray dogs,Ullalu
Lakes,Insufficient lake security personnel,Vignana Nagar
Health Dept,Spraying,Newthippasandra
Solid Waste (Garbage) Related,Sweeping not done,Bapuji Nagar
E khata / Khata services,Do not issue ekhata,Binnipet
veterinary,Stray/Rabid dog bite,Kushal Nagar
E khata / Khata services,Ekhata missing in online,Ganeshmandira Ward
E khata / Khata services,ekhata approval pending with ARO,Sanjay Nagar
E khata / Khata services,Technical Issue In Ekhata,Kacharakanahalli
Revenue Department,Unable to Generate the receipt after property tax payment.,Begur
E khata / Khata services,Ekhata Area Correction,Vasanthapura
Health Dept,Birth & Death Registration,Puttenahalli
Revenue Department,Discrepancy In Khata Certificate and Khata Extract,Katriguppe
veterinary,Stray dog related complaints,H.M.T
Solid Waste (Garbage) Related,Dead animal(s),T-Dasarahalli
Solid Waste (Garbage) Related,Complaint against SW collector/ SWM official for violation of SWM Rules,Hanumantha Nagar
veterinary,Stray/Rabid dog bite,Giri Nagar
Solid Waste (Garbage) Related,Garbage dumping in vacant sites,Marenahalli
E khata / Khata services,Ekhata - name correction,Arakere
Health Dept,Spraying,Sarakki
Parks and Play grounds,Gym/Children Play equipment in the parks,Kodigehalli
Road Maintenance(Engg),footpath encroachment,Begur
E khata / Khata services,eKhata - name Mismatch,Arakere
E khata / Khata services,Ekhata Other corrections,Newthippasandra
E khata / Khata services,Ekhata missing in online,Vishwanathnagenahalli
Health Dept,Dengue positive,Vijay Nagar
Health Dept,Dengue positive,T-Dasarahalli
Road Maintenance(Engg),water leakage on road,Banashankari Temple Ward
Health Dept,Delay in issue of Trade licence,Benniganahalli
E khata / Khata services,Ekhata missing in online,Bagalagunte
veterinary,Dog, cat Poor conditions / Breeding license validation,Sarakki
Health Dept,Fogging,Kaveripura
E khata / Khata services,Ekhata Area Correction,Chamrajpet
E khata / Khata services,eKhata - name Mismatch,Bommanahalli
E khata / Khata services,Ekhata Other corrections,Jalahalli
E khata / Khata services,Ekhata Area Correction,BTM Layout
E khata / Khata services,ekhata approval pending with ARO,Vidyapeetha
Property Tax services,Issues in property tax portal,Dharmarayaswamy Temple Ward
Solid Waste (Garbage) Related,Dead animal(s),Rajamahal
Property Tax services,Property tax owner name not updated,Singasandra
Electrical,Requirement For New Street Lights,Peenya Industrial Area
Solid Waste (Garbage) Related,Garbage dumping in vacant sites,Marappana Palya
Revenue Department,Unable to Generate the receipt after property tax payment.,Vignana Nagar
Revenue Department,Discrepancy In Khata Certificate and Khata Extract,Shanthala Nagar
veterinary,Animal birth control/neutering of stray dogs,Vishwanathnagenahalli
E khata / Khata services,Other Khata / ekhata issues,Sudduguntepalya
Advertisement,Flex and banners,Ganeshmandira Ward
veterinary,Dog, cat Poor conditions / Breeding license validation,Kottigepalya
E khata / Khata services,Ekhata - name correction,Basavanapura
veterinary,Stray/Rabid dog bite,Subramanya Nagar
veterinary,Animal Rescue - Not well - Requires attention,Kavalbyrasandra
veterinary,Fatally injured - Needs immediate attention,J.P.Nagar
E khata / Khata services,Ekhata missing in online,Azad Nagar
Town Planning,UnAuthorised Building Constructions,Bagalagunte
Solid Waste (Garbage) Related,Burning of Garbage in Open Space,Sanjay Nagar
E khata / Khata services,Ekhata in previous owner name,Hagadooru
Solid Waste (Garbage) Related,Garbage dumping in vacant sites,Shanthi Nagar
E khata / Khata services,Ekhata in previous owner name,Ramamurthy Nagar
veterinary,Animal Cruelty/Ill-Treated / Abused,Vasanthapura
Forest,Issues related Snakes/Birds/Monkeys,Hosahalli
E khata / Khata services,Ekhata - name correction,Sunkenahalli
Road Maintenance(Engg),UnAuthorised Constructions,Sagayapuram
E khata / Khata services,Technical Issue In Ekhata,Kammanahalli
Health Dept,Air/Noise pollution,Bagalagunte
Road Maintenance(Engg),Overhanging cables,Sunkenahalli
E khata / Khata services,new Khata / Ekhata registration / creation,Basavanapura
E khata / Khata services,ekhata approval pending with ARO,Shettyhalli
Road Maintenance(Engg),Overhanging cables,Sri Rammandira
Electrical,Earthing Issue relate to Electric Poles/Panel Boards,Basavanapura
E khata / Khata services,Ekhata Other corrections,Pulikeshi Nagar
veterinary,Animal birth control/neutering of stray dogs,Pulikeshi Nagar
E khata / Khata services,Ekhata Other corrections,HBR Layout
Solid Waste (Garbage) Related,Burning of Garbage in Open Space,Jalahalli
Forest,Issues related Snakes/Birds/Monkeys,Koramangala
veterinary,Anti Rabies Vaccination of stray dogs,H.M.T
Water Crisis,Water related issue,Kottigepalya
Advertisement,Flex and banners,Dr.Rajkumar Ward
Solid Waste (Garbage) Related,Dead animal(s),Sagayapuram
Revenue Department,Others (JC),Someshwara
Road Maintenance(Engg),Road cutting,Basavanapura
Forest,obstructions Branches / Trees.,HAL Airport
Solid Waste (Garbage) Related,Burning of Garbage in Open Space,Shettyhalli
Road Maintenance(Engg),Debris Removal / Construction Material,Muneshwara Nagar
Others,Others,Rayapuram
Road Maintenance(Engg),Road side drains,Ramaswamy Palya
Revenue Department,Khata Services (Registration, Transfer, Bifurcation and Amalgamation),Sarvagna Nagar
Health Dept,Zonal Violation of the Building,Kottigepalya
Health Dept,Delay in issue of Trade licence,Kottigepalya
veterinary,shifting of the street dogs to other places,Anjanapur
Electrical,Park Lights Not Working,Basavanagudi
Water Crisis,Water related issue,Hebbal
E khata / Khata services,Technical Issue In Ekhata,Doddanekkundi
Advertisement,Flex and banners,Vijay Nagar
E khata / Khata services,Ekhata Other corrections,Kadugodi
E khata / Khata services,Ekhata in previous owner name,HSR Layout
veterinary,Stray/Rabid dog bite,Hosahalli
veterinary,Animal Rescue - Not well - Requires attention,Subedarapalya
E khata / Khata services,Ekhata Area Correction,Jayachamarajendra Nagar
Property Tax services,Unable to generate receipt after property tax payment,Bellandur
E khata / Khata services,ekhata approval pending with ARO,Mathikere
E khata / Khata services,Ekhata - name correction,Lakshmidevi Nagar
Advertisement,Flex and banners,Gangenahalli
E khata / Khata services,Ekhata - name correction,Hosakerehalli
Revenue Department,Discrepancy In Khata Certificate and Khata Extract,HSR Layout
Property Tax services,unable to generate property tax challan,Jeevanbhima Nagar
E khata / Khata services,Ekhata missing in online,Hegganahalli
veterinary,Mutton/Chicken/fish stall Unhygienic maintenance,Mahalakshmipuram
E khata / Khata services,Ekhata Area Correction,Gayathri Nagar
veterinary,Stray/Rabid dog bite,Dharmarayaswamy Temple Ward
Town Planning,Construction not done as per approved plan (Building Bye Law Violations),K.R.Market
Storm  Water Drain(SWD),Maintenance of SWD,Bharathi Nagar
Water Crisis,Water related issue,Shanthi Nagar
E khata / Khata services,Other Khata / ekhata issues,Mathikere
Markets,Trade License,Kottigepalya
Health Dept,Indira Canteen,Kavalbyrasandra
Road Maintenance(Engg),Road cutting,Nagapura
E khata / Khata services,Ekhata in previous owner name,Laggere
Road Maintenance(Engg),footpath encroachment,Banashankari Temple Ward
veterinary,Stray cattle related complaints,Doddanekkundi
Advertisement,Unsafe Hoardings,Gangenahalli
veterinary,Stray dog related complaints,Katriguppe
Property Tax services,Unable to generate receipt after property tax payment,Ramamurthy Nagar
E khata / Khata services,Other Khata / ekhata issues,Jeevanbhima Nagar
E khata / Khata services,Ekhata - name correction,Pattabhiram Nagar
Revenue Department,Others (JC),Mangammanapalya
veterinary,Dog, cat Poor conditions / Breeding license validation,Nagarabhavi
E khata / Khata services,Ekhata Other corrections,Kacharakanahalli
E khata / Khata services,Ekhata Area Correction,Kadugodi
E khata / Khata services,Ekhata - name correction,Nagapura
Sanitation,Urination in Public/Open Defecation,Basaveshwara Nagar
Advertisement,Flex and banners,Hegganahalli
Optical Fiber Cables (OFC),Without permission digging of road,Yelachenahalli
Solid Waste (Garbage) Related,Public dustbins not cleaned,Malleshwaram
Advertisement,Flex and banners,Agrahara Dasarahalli
E khata / Khata services,Ekhata missing in online,Radhakrishna Temple
Health Dept,Increase in mosquito density,Sudam Nagar
E khata / Khata services,ekhata approval pending with ARO,Dharmarayaswamy Temple Ward
Solid Waste (Garbage) Related,Garbage nuisance while transporting,Sarakki
Town Planning,UnAuthorised Building Constructions,Rajagopala Nagar
E khata / Khata services,Ekhata Other corrections,Varthur
Solid Waste (Garbage) Related,Garbage transfer not as per norms & area not kept clean,Jeevanbhima Nagar
veterinary,Stray cattle related complaints,Rajarajeshwari Nagar
Health Dept,Fogging,Nayandanahalli
Solid Waste (Garbage) Related,Garbage transfer not as per norms & area not kept clean,Mangammanapalya
Road Maintenance(Engg),UnAuthorised Constructions,Gottigere
Road Infrastructure,Road Infrastructure,Jakkasandra
Health Dept,Air/Noise pollution,Kempegowda Ward
Health Dept,Increase in mosquito density,Kempegowda Ward
Forest,Issues related Snakes/Birds/Monkeys,Marappana Palya
Health Dept,Air/Noise pollution,Dayananda Nagar
Solid Waste (Garbage) Related,Garbage transfer not as per norms & area not kept clean,Madiwala
Storm  Water Drain(SWD),Sewerage water left in SWD,Newthippasandra
Storm  Water Drain(SWD),Maintenance of SWD,Kodigehalli
Lakes,Lake not maintained properly,Bilekahalli
Revenue Department,Khata Services (Registration, Transfer, Bifurcation and Amalgamation),Devasandra
Solid Waste (Garbage) Related,Burning of Garbage in Open Space,Marappana Palya
Property Tax services,Property tax owner name not updated,Uttarahalli
Revenue Department,Khata Services (Registration, Transfer, Bifurcation and Amalgamation),Subedarapalya
E khata / Khata services,Khata / Ekhata mutation / transfer,Bilekahalli
Revenue Department,Khata Services (Registration, Transfer, Bifurcation and Amalgamation),H.M.T
Revenue Department,Others (JC),Vignana Nagar
Forest,Issues related Snakes/Birds/Monkeys,Shanthala Nagar
Road Maintenance(Engg),footpath encroachment,Yelachenahalli
Health Dept,Spraying,Ejipura
Property Tax services,unable to generate property tax challan,Mathikere
Solid Waste (Garbage) Related,Garbage dumping in vacant sites,Sri Nagar
Storm  Water Drain(SWD),Maintenance of SWD,Singasandra
Road Infrastructure,Road Infrastructure,Shiva Nagar
Revenue Department,Others (JC),Jalahalli
Road Maintenance(Engg),Road cutting,Bagalagunte
veterinary,Fatally injured - Needs immediate attention,Agaram
E khata / Khata services,Ekhata Area Correction,HSR Layout
veterinary,Fatally injured - Needs immediate attention,Vannarpet
E khata / Khata services,Ekhata - name correction,Dattathreya Temple
Health Dept,Dengue positive,Kacharakanahalli
E khata / Khata services,Ekhata Area Correction,Chokkasandra
veterinary,Animal Rescue - Not well - Requires attention,Hegganahalli
veterinary,Animal Rescue - Not well - Requires attention,Gayathri Nagar
Electrical,Open Electrical Junction Box,Shiva Nagar
Revenue Department,Khata Services (Registration, Transfer, Bifurcation and Amalgamation),Chokkasandra
Solid Waste (Garbage) Related,Burning of Garbage in Open Space,J.P.Nagar
E khata / Khata services,Ekhata - name correction,Konanakunte
Health Dept,Fogging,Konena Agrahara
E khata / Khata services,ekhata approval pending with ARO,Hoysala Nagar
Road Maintenance(Engg),footpath encroachment,Konena Agrahara
Revenue Department,Discrepancy In Khata Certificate and Khata Extract,Nagapura
Parks and Play grounds,Issues Related to Parks/Medians/Circles/Island.,Binnipet
E khata / Khata services,Ekhata missing in online,Shakambari Nagar
Parks and Play grounds,Gym/Children Play equipment in the parks,Sarakki
Sanitation,Public toilet(s) blockage,Jnanabharathi Ward
veterinary,Stray cattle related complaints,Nagarabhavi
E khata / Khata services,Ekhata Area Correction,Gottigere
Revenue Department,Discrepancy In Khata Certificate and Khata Extract,Rajarajeshwari Nagar
Solid Waste (Garbage) Related,Sweeping not done,Jayamahal
Advertisement,Flex and banners,HAL Airport
E khata / Khata services,Ekhata missing in online,A.Narayanapura
Town Planning,Noise during Building Construction,Singasandra
Electrical,Street Lights Switched On During Day Time,Hoysala Nagar
ಸಹಾಯಕ ಕಂದಾಯ ಅದಿಕಾರಿ ಕೆಂಗೇರಿ ಉಪ ವಿಭಾಗಕ್ಕೆ ಬೇಟಿ ನೀಡಿ ಇ-ಖಾತಾ ಪಡೆಯಲು ಮತ್ತು ಸಂಬಂಧಪಟ್ಟ ಮಾಹಿತಿ ಪಡೆಯಲು ಈ ಮೂಲಕ ತಿಳಿಸಲಾಗಿದೆ,Lokamatha /RO,,
Solid Waste (Garbage) Related,Garbage dumping in vacant sites,Shettyhalli
veterinary,Street dogs attacking-pet Dogs,Byatarayanapura
Sanitation,Urination in Public/Open Defecation,Deepanjali Nagar
Forest,Removal of dead/fallen trees,Basavanapura
Parks and Play grounds,Environmental protection,Bilekahalli
Traffic Engineer Cell (TEC),TEC,Marathalli
Solid Waste (Garbage) Related,Complaint against SW collector/ SWM official for violation of SWM Rules,Ganeshmandira Ward
Revenue Department,Unable to Generate the receipt after property tax payment.,Jagajeevanram Nagar
Others,Others,Jaraganahalli
Parks and Play grounds,Gym/Children Play equipment in the parks,Sagayapuram
Health Dept,Increase in mosquito density,Vijanapura
Road Maintenance(Engg),Road cutting,Jayachamarajendra Nagar
Road Maintenance(Engg),water stagnation,Agaram
Revenue Department,Unable to generate the property tax challan,Benniganahalli
veterinary,Animal Rescue - Not well - Requires attention,Shakambari Nagar
Solid Waste (Garbage) Related,Complaint against SW collector/ SWM official for violation of SWM Rules,Banashankari Temple Ward
veterinary,Fatally injured - Needs immediate attention,Ganeshmandira Ward
Health Dept,Fogging,Mathikere
Health Dept,Increase in mosquito density,Madiwala
Revenue Department,Discrepancy In Khata Certificate and Khata Extract,Dodda Bidarkallu
Solid Waste (Garbage) Related,Burning of Garbage in Open Space,BTM Layout
Health Dept,Increase in mosquito density,A.Narayanapura
Town Planning,UnAuthorised Building Constructions,Kengeri
E khata / Khata services,Ekhata in previous owner name,Arakere
E khata / Khata services,ekhata approval pending with ARO,C.V.Raman Nagar
Property Tax services,unable to generate property tax challan,Hagadooru
Property Tax services,Property tax refund / adjustment,Hagadooru
Property Tax services,Property tax owner name not updated,Horamavu
Electrical,Requirement For New Street Lights,HAL Airport
E khata / Khata services,Ekhata - name correction,J.P.Nagar
E khata / Khata services,new Khata / Ekhata registration / creation,Garudacharpalya
Road Maintenance(Engg),Footpath,Chalavadipalya
E khata / Khata services,Ekhata - name correction,Manorayanapalya
E khata / Khata services,ekhata approval pending with ARO,Sri Rammandira
Revenue Department,Discrepancy In Khata Certificate and Khata Extract,Herohalli
E khata / Khata services,Khata / Ekhata mutation / transfer,Arakere
Health Dept,Dengue positive,Jaraganahalli
E khata / Khata services,Ekhata - name correction,Puttenahalli
Solid Waste (Garbage) Related,Burning of Garbage in Open Space,Kaveripura
E khata / Khata services,Ekhata missing in online,Shanthi Nagar
E khata / Khata services,Technical Issue In Ekhata,Cottonpet
Property Tax services,Unable to generate receipt after property tax payment,Radhakrishna Temple
Water Crisis,Water related issue,Vannarpet
Health Dept,Zonal Violation of the Building,Bellandur
Road Maintenance(Engg),water stagnation,Kumaraswamy Layout
Revenue Department,Unable to Generate the receipt after property tax payment.,HBR Layout
veterinary,Anti Rabies Vaccination of stray dogs,Attiguppe
Indira Canteen,Food Quality,J.P.Park
Road Maintenance(Engg),Road cutting,Kempegowda Ward
Storm  Water Drain(SWD),Garbage thrown in storm water drain,Garudacharpalya
Projects Central,Road furnitures,Kempegowda Ward
Health Dept,Increase in mosquito density,Gangenahalli
Revenue Department,Unable to generate the property tax challan,Vignana Nagar
Road Maintenance(Engg),Footpath,Padarayanapura
Call Center,Call center Issues,Rajarajeshwari Nagar
Road Maintenance(Engg),Debris Removal / Construction Material,Agrahara Dasarahalli
Storm  Water Drain(SWD),Sewerage water left in SWD,C.V.Raman Nagar
Solid Waste (Garbage) Related,Garbage nuisance while transporting,K.R.Puram
E khata / Khata services,Ekhata missing in online,Bilekahalli
veterinary,Stray dog related complaints,Hosahalli
Road Maintenance(Engg),UnAuthorised Constructions,Shakambari Nagar
Revenue Department,Khata Services (Registration, Transfer, Bifurcation and Amalgamation),Kacharakanahalli
Revenue Department,Unable to Generate the receipt after property tax payment.,Uttarahalli
Solid Waste (Garbage) Related,Dead animal(s),Banashankari Temple Ward
Road Maintenance(Engg),Debris Removal / Construction Material,Neelasandra
Revenue Department,Unable to generate the property tax challan,Kuvempu Nagar
Sanitation,Public toilet(s) blockage,Shanthala Nagar
veterinary,Animal birth control/neutering of stray dogs,Hongasandra
veterinary,Illegal pet shop / Animal cruelty / license check,Bharathi Nagar
veterinary,Dog, cat Poor conditions / Breeding license validation,Basavanapura
E khata / Khata services,Ekhata Other corrections,Banashankari Temple Ward
Solid Waste (Garbage) Related,Complaint against SW collector/ SWM official for violation of SWM Rules,Mallasandra
Solid Waste (Garbage) Related,Garbage nuisance while transporting,A.Narayanapura
E khata / Khata services,Ekhata - name correction,Benniganahalli
Sanitation,Public toilet(s) blockage,Kavalbyrasandra
veterinary,Animal birth control/neutering of stray dogs,Gandhi Nagar
Property Tax services,Property tax owner name not updated,Banaswadi
Lakes,Dumping of garbage into lake,Hoodi
Solid Waste (Garbage) Related,Public dustbins not cleaned,Padmanabha Nagar
Electrical,Earthing Issue relate to Electric Poles/Panel Boards,Varthur
Forest,obstructions Branches / Trees.,Chowdeshwari Ward
E khata / Khata services,Khata / Ekhata mutation / transfer,K.R.Puram
veterinary,Fatally injured - Needs immediate attention,Varthur
Solid Waste (Garbage) Related,Complaint against SW collector/ SWM official for violation of SWM Rules,Kamakshipalya
Road Maintenance(Engg),water leakage on road,Benniganahalli
Road Maintenance(Engg),Debris Removal / Construction Material,Shiva Nagar
Forest,Removal of dead/fallen trees,Nagavara
Health Dept,Air/Noise pollution,Subramanya Nagar
Others,Others,Mallasandra
Health Dept,Fogging,Sarakki
Electrical,Requirement For New Street Lights,Subhash Nagar
Health Dept,Fogging,Agaram
Revenue Department,Khata Services (Registration, Transfer, Bifurcation and Amalgamation),Hampi Nagar
Electrical,Park Lights Not Working,Kacharakanahalli
Road Maintenance(Engg),Road side drains,Ulsoor
Electrical,Open Electrical Junction Box,Puttenahalli
Road Infrastructure,Road Infrastructure,Jaraganahalli
Road Maintenance(Engg),Footpath,Vidyapeetha
Others,Others,Basaveshwara Nagar
Road Maintenance(Engg),Road side drains,Maruthi Seva Nagar
Road Maintenance(Engg),Footpath,Rajagopala Nagar
Property Tax services,Other property tax issues,Vidyapeetha
Road Maintenance(Engg),Road cutting,Herohalli
Solid Waste (Garbage) Related,Complaint against SW collector/ SWM official for violation of SWM Rules,Shakambari Nagar
Solid Waste (Garbage) Related,Burning of Garbage in Open Space,Puttenahalli
E khata / Khata services,Other Khata / ekhata issues,Pulikeshi Nagar
Health Dept,Birth & Death Registration,Dharmarayaswamy Temple Ward
Hence i am applying for new e Khata. This has been pending with ARO office as it says in Endorsement which i have received.,,
Health Dept,Dengue positive,Basaveshwara Nagar
Solid Waste (Garbage) Related,Complaint against SW collector/ SWM official for violation of SWM Rules,Subedarapalya
E khata / Khata services,eKhata - name Mismatch,Vasanthapura
E khata / Khata services,new Khata / Ekhata registration / creation,Ramamurthy Nagar
veterinary,Stray dog related complaints,Lakkasandra
Indira Canteen,Food Quality,Gangenahalli
veterinary,Feeder Harassment by Association / Gated Community,Rajarajeshwari Nagar
E khata / Khata services,Khata / Ekhata mutation / transfer,Marathalli
Road Maintenance(Engg),Road cutting,Kushal Nagar
Electrical,Requirement For New Street Lights,Varthur
veterinary,Anti Rabies Vaccination of stray dogs,Marenahalli
Parks and Play grounds,Issues Related to Parks/Medians/Circles/Island.,Shiva Nagar
veterinary,Dog, cat Poor conditions / Breeding license validation,Banaswadi
Property Tax services,Issues in property tax portal,Vidyaranyapura
E khata / Khata services,Technical Issue In Ekhata,Kottigepalya
Revenue Department,Khata Services (Registration, Transfer, Bifurcation and Amalgamation),Jogupalya
E khata / Khata services,Khata / Ekhata mutation / transfer,Sarakki
Storm  Water Drain(SWD),Maintenance of SWD,Kempegowda Ward
E khata / Khata services,Other Khata / ekhata issues,Chamrajpet
E khata / Khata services,new Khata / Ekhata registration / creation,Devarajeevanahalli
E khata / Khata services,Ekhata Other corrections,Vignana Nagar
Solid Waste (Garbage) Related,Burning of Garbage in Open Space,HBR Layout
Road Maintenance(Engg),UnAuthorised Constructions,Rajaji Nagar
Solid Waste (Garbage) Related,Public dustbins not cleaned,Chikpete
Road Maintenance(Engg),water leakage on road,Chikpete
Revenue Department,Khata Services (Registration, Transfer, Bifurcation and Amalgamation),Shanthala Nagar
Road Maintenance(Engg),Debris Removal / Construction Material,Azad Nagar
veterinary,Animal birth control/neutering of stray dogs,Jayachamarajendra Nagar
Road Maintenance(Engg),Road cutting,Shiva Nagar
Advertisement,Unsafe Hoardings,Domlur
Electrical,Street Lights Switched On During Day Time,Padmanabha Nagar
Health Dept,Spraying,Hegganahalli
Lakes,Dumping of garbage into lake,Yelahanka old Satellite Town
Storm  Water Drain(SWD),Garbage thrown in storm water drain,Nagavara
Indira Canteen,Staff Related,Vijanapura
Electrical,Earthing Issue relate to Electric Poles/Panel Boards,Bommanahalli
veterinary,Animal Rescue - Not well - Requires attention,Kengeri
Health Dept,Spraying,S.K.Garden
veterinary,Dog, cat Poor conditions / Breeding license validation,Bellandur
Health Dept,Increase in mosquito density,Gurappanapalya
Property Tax services,Property tax owner name not updated,Rajarajeshwari Nagar
Solid Waste (Garbage) Related,Burning of Garbage in Open Space,A.Narayanapura
Electrical,Earthing Issue relate to Electric Poles/Panel Boards,Herohalli
veterinary,Stray/Rabid dog bite,Shankaramata
E khata / Khata services,Technical Issue In Ekhata,BTM Layout
veterinary,Animal Rescue - Not well - Requires attention,Karisandra
Health Dept,Birth & Death Registration,Newthippasandra
Road Maintenance(Engg),Road cutting,Byrasandra
Lakes,Dumping of garbage into lake,Bellandur
Advertisement,Unsafe Hoardings,Hampi Nagar
veterinary,Pet dog licence,Sagayapuram
veterinary,"Pet licensing / Pet shop licensing  / Breeder licensing ",Chikpete
Water Crisis,Water related issue,Someshwara
veterinary,Anti Rabies Vaccination of stray dogs,Azad Nagar
Revenue Department,Discrepancy In Khata Certificate and Khata Extract,Kavalbyrasandra
veterinary,Animal birth control/neutering of stray dogs,Gurappanapalya
Health Dept,Spraying,Vrushabhavati Nagar
Solid Waste (Garbage) Related,Sweeping not done,J.P.Nagar
veterinary,Stray/Rabid dog bite,Chikkalasandra
Solid Waste (Garbage) Related,Dead animal(s),Chalavadipalya
Electrical,Park Lights Not Working,Hebbal
Electrical,Park Lights Not Working,Subramanya Nagar
Solid Waste (Garbage) Related,Garbage transfer not as per norms & area not kept clean,Varthur
Optical Fiber Cables (OFC),Without permission digging of road,Vasanthapura
veterinary,Mutton/Chicken/fish stall Unhygienic maintenance,Vasanthapura
Advertisement,Unsafe Hoardings,Nagarabhavi
Solid Waste (Garbage) Related,Burning of Garbage in Open Space,K.R.Puram
Solid Waste (Garbage) Related,Garbage transfer not as per norms & area not kept clean,T-Dasarahalli
Electrical,Open Electrical Junction Box,Rajarajeshwari Nagar
Health Dept,Increase in mosquito density,Sarvagna Nagar
veterinary,Animal birth control/neutering of stray dogs,Hampi Nagar
Traffic Engineer Cell (TEC),TEC,Hoodi
Health Dept,Non availability of drugs,Sampangiram Nagar
veterinary,Street dogs attacking-pet Dogs,Jnanabharathi Ward
dated 19-Apr-25,concerning severe potholes on the street at 1st Cross,Near Malibu Rosita Varthur
the complaint has been marked as Cleared without any visible action or communication from the assigned staff. There has been no repair or maintenance work carried out on the road post-complaint,and the condition remains hazardous for residents and commuters,
but the closure of the grievance without inspection or proper documentation of work done is highly disappointing. As citizens,we expect transparency and accountability in civic operations.,
and the grievance will be handled in the interest of public safety and proper civic responsibility.,Yadu Krishna/AEE,,
E khata / Khata services,Ekhata in previous owner name,Basavanagudi
Electrical,Open Electrical Junction Box,Hampi Nagar
Electrical,Street Lights Switched On During Day Time,Domlur
E khata / Khata services,Ekhata missing in online,Vrushabhavati Nagar
Health Dept,Indira Canteen,Dharmarayaswamy Temple Ward
Health Dept,Fogging,Hombegowda Nagar
E khata / Khata services,Ekhata Other corrections,Devasandra
Road Maintenance(Engg),Road side drains,Binnipet
veterinary,Fatally injured - Needs immediate attention,Hosakerehalli
E khata / Khata services,Ekhata in previous owner name,Dodda Bidarkallu
Revenue Department,Unable to Generate the receipt after property tax payment.,Horamavu
Road Maintenance(Engg),water leakage on road,Dodda Bidarkallu
Road Maintenance(Engg),Debris Removal / Construction Material,Sagayapuram
Optical Fiber Cables (OFC),Without permission digging of road,Konena Agrahara
E khata / Khata services,Ekhata Other corrections,Vijay Nagar
veterinary,Dog, cat Poor conditions / Breeding license validation,Gandhi Nagar
E khata / Khata services,Ekhata - name correction,Uttarahalli
E khata / Khata services,Ekhata Other corrections,Someshwara
Health Dept,Delay in issue of Trade licence,Katriguppe
Storm  Water Drain(SWD),Maintenance of SWD,Gali Anjaneya Swamy Temple Ward
Solid Waste (Garbage) Related,Dead animal(s),Puttenahalli
Road Maintenance(Engg),UnAuthorised Constructions,Kodigehalli
Solid Waste (Garbage) Related,Complaint against SW collector/ SWM official for violation of SWM Rules,Shivaji Nagar
Road Maintenance(Engg),UnAuthorised Constructions,Kuvempu Nagar
Water Crisis,Water related issue,Binnipet
E khata / Khata services,Khata / Ekhata mutation / transfer,Chikpete
ಸಹಾಯಕ ಕಂದಾಯ ಅದಿಕಾರಿ ಕಛೇರಿಗೆ ಬೇಟಿಯಾಗಿ ಸಂಬಂಧಪಟ್ಟ ಅಧಿಕಾರಿಗಳೊಂದಿಗೆ ದಾಖಲೆಗಳನ್ನು ಪರಿಶೀಲಿಸಿ ರದ್ದುಮಾಡಿಸಿಕೊಳ್ಳಬೇಕೆಂದು ಈ ಮೂಲಕ ತಿಳಿಸಲಾಗಿದೆ.,Lokamatha /RO,,
Solid Waste (Garbage) Related,Public dustbins not cleaned,Radhakrishna Temple
E khata / Khata services,Technical Issue In Ekhata,Yelahanka old Satellite Town
veterinary,Pet dog licence,Kodigehalli
E khata / Khata services,Khata / Ekhata mutation / transfer,Katriguppe
Road Maintenance(Engg),UnAuthorised Constructions,Jaraganahalli
Property Tax services,Property tax owner name not updated,Begur
veterinary,Pet dog licence,Kempegowda Ward
Plastic,Use of banned single use plastic,Manorayanapalya
Education,Infrastructure related Issues.,Benniganahalli
veterinary,Animal birth control/neutering of stray dogs,Yeshwanthpur
Town Planning,UnAuthorised Building Constructions,Ganga Nagar
veterinary,Dog, cat Poor conditions / Breeding license validation,Laggere
Electrical,Open Electrical Junction Box,Vijanapura
Lakes,Sewage inflow to lake,Chikpete
Advertisement,Flex and banners,Visvesvarapuram
Electrical,Requirement For New Street Lights,Koramangala
Solid Waste (Garbage) Related,Complaint against SW collector/ SWM official for violation of SWM Rules,Koramangala
Solid Waste (Garbage) Related,Sweeping not done,Deepanjali Nagar
Indira Canteen,Food Quality,Shanthala Nagar
Electrical,Open Electrical Junction Box,Vishwanathnagenahalli
Electrical,Requirement For New Street Lights,Shivaji Nagar
Electrical,Street Lights Switched On During Day Time,Yelahanka old Satellite Town
Health Dept,Fogging,Hemmigepura
Road Maintenance(Engg),Overhanging cables,Katriguppe
Parks and Play grounds,Environmental protection,Rajarajeshwari Nagar
Solid Waste (Garbage) Related,Burning of Garbage in Open Space,Vrushabhavati Nagar
Property Tax services,Issues in property tax portal,Mathikere
Electrical,Street Lights Switched On During Day Time,Radhakrishna Temple
E khata / Khata services,Ekhata Other corrections,Gayathri Nagar
veterinary,Awareness session / Request for a session,Marathalli
Lakes,Dying of fishes in lake,Hemmigepura
Property Tax services,Issues in property tax portal,Doddanekkundi
veterinary,Dog bite pet dog,Yelahanka old Satellite Town
Property Tax services,Property tax owner name not updated,Kavalbyrasandra
Road Maintenance(Engg),Overhanging cables,Agrahara Dasarahalli
veterinary,Animal birth control/neutering of stray dogs,Agrahara Dasarahalli
veterinary,Anti Rabies Vaccination of stray dogs,Agrahara Dasarahalli
veterinary,Street dog Adaptation process details,Jnanabharathi Ward
E khata / Khata services,Ekhata - name correction,Cottonpet
veterinary,Animal Rescue - Not well - Requires attention,Okalipuram
Solid Waste (Garbage) Related,Garbage transfer not as per norms & area not kept clean,Kottigepalya
Town Planning,UnAuthorised Building Constructions,Kottigepalya
Revenue Department,Unable to generate the property tax challan,Agaram
Electrical,Park Lights Not Working,Jakkur
Electrical,Requirement For New Street Lights,A.Narayanapura
E khata / Khata services,Ekhata - name correction,K.R.Market
Others,Others,Shanthi Nagar
Solid Waste (Garbage) Related,Sweeping not done,Chowdeshwari Ward
E khata / Khata services,ekhata approval pending with ARO,Laggere
veterinary,Dog, cat Poor conditions / Breeding license validation,Subramanya Nagar
E khata / Khata services,Ekhata - name correction,BTM Layout
is any this please come to office with document and solve it.,Purushottam/ARO,,
E khata / Khata services,ekhata approval pending with ARO,Jeevanbhima Nagar
Storm  Water Drain(SWD),Sewerage water left in SWD,T-Dasarahalli
Revenue Department,Khata Services (Registration, Transfer, Bifurcation and Amalgamation),BTM Layout
Advertisement,Flex and banners,Ulsoor
veterinary,Fatally injured - Needs immediate attention,Lakkasandra
Road Maintenance(Engg),Road side drains,Shiva Nagar
Electrical,Earthing Issue relate to Electric Poles/Panel Boards,Ganeshmandira Ward
E khata / Khata services,Ekhata Area Correction,Kuvempu Nagar
Electrical,Street Lights Switched On During Day Time,Gangenahalli
veterinary,Anti Rabies Vaccination of stray dogs,BTM Layout
veterinary,Anti Rabies Vaccination of stray dogs,Hosahalli
E khata / Khata services,new Khata / Ekhata registration / creation,Hegganahalli
Storm  Water Drain(SWD),Maintenance of SWD,Hegganahalli
Advertisement,Flex and banners,Jogupalya
veterinary,Stray/Rabid dog bite,Kempegowda Ward
Solid Waste (Garbage) Related,Complaint against SW collector/ SWM official for violation of SWM Rules,Kempapura Agrahara
Solid Waste (Garbage) Related,Public dustbins not cleaned,Gurappanapalya
Town Planning,Noise during Building Construction,Kottigepalya
Information Technology,Others(Technical or Software Issues),Jakkur
kindly specify the problem (description).,,
Forest,obstructions Branches / Trees.,Hosahalli
Solid Waste (Garbage) Related,Complaint against SW collector/ SWM official for violation of SWM Rules,Mangammanapalya
Solid Waste (Garbage) Related,Garbage nuisance while transporting,Vasanthapura
Health Dept,Increase in mosquito density,Vijay Nagar
Health Dept,Fogging,Basavanapura
Lakes,Lake fencing damaged,Uttarahalli
Lakes,Insufficient lake security personnel,Uttarahalli
veterinary,Stray/Rabid dog bite,Byrasandra
Property Tax services,Other property tax issues,Attiguppe
Health Dept,Spraying,Arakere
Road Infrastructure,Road Infrastructure,Kempegowda Ward
veterinary,Stray/Rabid dog bite,K.R.Market
Electrical,Park Lights Not Working,Pulikeshi Nagar
Road Maintenance(Engg),Footpath,Yelachenahalli
Water Crisis,Water related issue,Maruthi Mandira Ward
Road Maintenance(Engg),Overhanging cables,Hosakerehalli
E khata / Khata services,Ekhata - name correction,Shankaramata
Revenue Department,Khata Services (Registration, Transfer, Bifurcation and Amalgamation),Anjanapur
E khata / Khata services,Do not issue ekhata,Malleshwaram
Health Dept,Air/Noise pollution,Banaswadi
Solid Waste (Garbage) Related,Burning of Garbage in Open Space,Sarakki
Traffic Engineer Cell (TEC),TEC,Aramane Nagar
E khata / Khata services,Ekhata Area Correction,Marathalli
E khata / Khata services,Ekhata - name correction,Yadiyuru
Road Maintenance(Engg),Road cutting,Cottonpet
Road Maintenance(Engg),water leakage on road,Lakkasandra
Sanitation,Urination in Public/Open Defecation,Hombegowda Nagar
veterinary,Anti Rabies Vaccination of stray dogs,Hampi Nagar
veterinary,Fatally injured - Needs immediate attention,Kacharakanahalli
Sanitation,Public toilet(s) cleaning,Koramangala
E khata / Khata services,ekhata approval pending with ARO,Dattathreya Temple
Road Maintenance(Engg),UnAuthorised Constructions,Devarajeevanahalli
E khata / Khata services,Ekhata Other corrections,Kodigehalli
Road Maintenance(Engg),Debris Removal / Construction Material,Kammanahalli
Health Dept,Unhygienic  premises in hospital,Pattabhiram Nagar
veterinary,Animal birth control/neutering of stray dogs,HAL Airport
Revenue Department,Unable to generate the property tax challan,Thanisandra
veterinary,Street dog Adaptation process details,Marathalli
Road Maintenance(Engg),Road cutting,Gayathri Nagar
veterinary,Aged street dogs please take action,A.Narayanapura
Revenue Department,Discrepancy In Khata Certificate and Khata Extract,Chikkalasandra
Road Maintenance(Engg),water stagnation,Sarakki
Road Maintenance(Engg),Road side drains,Dayananda Nagar
Health Dept,Increase in mosquito density,Ganga Nagar
Sanitation,Urination in Public/Open Defecation,Ganga Nagar
veterinary,Dog bite pet dog,Sunkenahalli
Road Maintenance(Engg),footpath encroachment,Padarayanapura
veterinary,Mutton/Chicken/fish stall Unhygienic maintenance,C.V.Raman Nagar
Road Maintenance(Engg),water leakage on road,Konanakunte
Town Planning,Noise during Building Construction,Begur
Health Dept,Non availability of drugs,Hombegowda Nagar
veterinary,Fatally injured - Needs immediate attention,Kavalbyrasandra
Electrical,Requirement For New Street Lights,Subramanya Nagar
Health Dept,Non availability of drugs,Uttarahalli
Road Maintenance(Engg),Overhanging cables,Sudam Nagar
Traffic Engineer Cell (TEC),TEC,Lakkasandra
Health Dept,Spraying,K.R.Puram
Electrical,Earthing Issue relate to Electric Poles/Panel Boards,Cottonpet
Electrical,Requirement For New Street Lights,C.V.Raman Nagar
Electrical,Requirement For New Street Lights,Chikkalasandra
Road Maintenance(Engg),water leakage on road,Kumaraswamy Layout
Health Dept,Birth & Death Registration,Padmanabha Nagar
Road Maintenance(Engg),Potholes,Jayachamarajendra Nagar
veterinary,Animal birth control/neutering of stray dogs,Bagalagunte
Town Planning,Noise during Building Construction,Chokkasandra
Road Maintenance(Engg),Footpath,Azad Nagar
Health Dept,Dengue positive,Gottigere
E khata / Khata services,Khata / Ekhata mutation / transfer,Hoodi
ಸಹಾಯಕ ಕಂದಾಯ ಅದಿಕಾರಿ ಕೆಂಗೇರಿ ಉಪ ವಿಭಾಗದಲ್ಲಿ ತೇಜಸ್ ರವರು ಮಾಡುತ್ತಿರುವ ಕೆಲಸವನ್ನು ಲಕ್ಷ್ಮಿನಾರಾಯನ ಪ್ರ.ದ.ಸ ರವರಿಗೆ ಹಾಗೂ ಕಾಂತರಾಜು ರವರು ಮಾಡುತ್ತಿರುವ ಕೆಲಸಕಾರ್ಯಗಳನ್ನು ಯೋಗೇಶ್ ಎಂಬುವರಿಗೆ ಸಾರ್ವಜನಿಕರ ಸಮಸ್ಯೆಗಳನ್ನು ಬಗೆಹರಿಸಲು Incharge  ನೀಡಲಾಗಿದೆ. ಎಂದು ಈ ಮೂಲಕ ತಿಳಿಸಲಾಗಿದೆ.,,
veterinary,Animal birth control/neutering of stray dogs,Lakkasandra
Forest,Issues related Snakes/Birds/Monkeys,Kamakshipalya
veterinary,Animal caught disease post surgery,Chamrajpet
Health Dept,Delay in issue of Trade licence,Basavanagudi
Solid Waste (Garbage) Related,Dead animal(s),Hosahalli
Health Dept,Fogging,Kempegowda Ward
veterinary,Stray dog related complaints,Bharathi Nagar
veterinary,Anti Rabies Vaccination of stray dogs,Shankaramata
veterinary,Animal caught disease post surgery,Varthur
veterinary,Fatally injured - Needs immediate attention,Madiwala
Forest,Issues related Snakes/Birds/Monkeys,Sampangiram Nagar
Road Maintenance(Engg),Road cutting,Vishwanathnagenahalli
veterinary,Animal caught disease post surgery,Madiwala
Storm  Water Drain(SWD),Maintenance of SWD,Maruthi Seva Nagar
veterinary,Dog, cat Poor conditions / Breeding license validation,Sampangiram Nagar
Road Maintenance(Engg),footpath encroachment,Newthippasandra
Health Dept,Air/Noise pollution,Banashankari Temple Ward
Revenue Department,Others (JC),Lakkasandra
E khata / Khata services,Ekhata Area Correction,Attiguppe
E khata / Khata services,ekhata approval pending with ARO,Vasanth Nagar
veterinary,Animal Rescue - Not well - Requires attention,Chowdeshwari Ward
Electrical,Requirement For New Street Lights,Gangenahalli
veterinary,Anti Rabies Vaccination of stray dogs,Sri Rammandira
Solid Waste (Garbage) Related,Dead animal(s),Benniganahalli
Parks and Play grounds,Issues Related to Parks/Medians/Circles/Island.,Rajamahal
Advertisement,Flex and banners,Jayangar
veterinary,Mutton/Chicken/fish stall Unhygienic maintenance,Jayangar
Solid Waste (Garbage) Related,Complaint against SW collector/ SWM official for violation of SWM Rules,Kengeri
Road Maintenance(Engg),water stagnation,Vidyapeetha
Lakes,Inspection not done,Chikpete
Solid Waste (Garbage) Related,Sweeping not done,Marenahalli
veterinary,Dog, cat Poor conditions / Breeding license validation,Vijay Nagar
Town Planning,Noise during Building Construction,Subedarapalya
Road Maintenance(Engg),Potholes,Chokkasandra
Parks and Play grounds,Play Grounds,Kumaraswamy Layout
Revenue Department,Unable to generate the property tax challan,Someshwara
Solid Waste (Garbage) Related,Dead animal(s),Aramane Nagar
Traffic Engineer Cell (TEC),TEC,H.M.T
veterinary,Animal Rescue - Not well - Requires attention,Katriguppe
Solid Waste (Garbage) Related,Garbage nuisance while transporting,Peenya Industrial Area
Water Crisis,Water related issue,Dattathreya Temple
Health Dept,Spraying,Koramangala
Solid Waste (Garbage) Related,Sweeping not done,Peenya Industrial Area
Solid Waste (Garbage) Related,Dead animal(s),Katriguppe
Advertisement,Flex and banners,Sri Nagar
Markets,Encroachment,Jakkasandra
Solid Waste (Garbage) Related,Complaint against SW collector/ SWM official for violation of SWM Rules,Jagajeevanram Nagar
Health Dept,Air/Noise pollution,Basavanapura
Revenue Department,Khata Services (Registration, Transfer, Bifurcation and Amalgamation),Maruthi Mandira Ward
E khata / Khata services,Ekhata Other corrections,Azad Nagar
veterinary,Animal birth control/neutering of stray dogs,Newthippasandra
veterinary,Anti Rabies Vaccination of stray dogs,Arakere
E khata / Khata services,Ekhata - name correction,Kengeri
E khata / Khata services,ekhata approval pending with ARO,Kottigepalya
E khata / Khata services,Ekhata missing in online,Devarajeevanahalli
veterinary,Animal caught disease post surgery,Kempegowda Ward
Health Dept,Dengue positive,Manorayanapalya
Health Dept,Dengue positive,Doddabommasandra
E khata / Khata services,ekhata approval pending with ARO,Hampi Nagar
Health Dept,Fogging,Chokkasandra
veterinary,Stray dog related complaints,Gandhi Nagar
Electrical,Open Electrical Junction Box,Hemmigepura
veterinary,Stray/Rabid dog bite,Karisandra
Solid Waste (Garbage) Related,Dead animal(s),Marathalli
Electrical,Park Lights Not Working,T-Dasarahalli
E khata / Khata services,Technical Issue In Ekhata,J.P.Nagar
E khata / Khata services,Khata / Ekhata mutation / transfer,Lakkasandra
veterinary,Animal Cruelty/Relocated,HSR Layout
E khata / Khata services,Ekhata - name correction,Yelahanka old Satellite Town
Forest,Issues related Snakes/Birds/Monkeys,Bagalagunte
E khata / Khata services,Ekhata Other corrections,Basavanapura
E khata / Khata services,Ekhata - name correction,Kottigepalya
veterinary,Feeder Harassment by Association / Gated Community,Pattabhiram Nagar
veterinary,Animal Cruelty/Ill-Treated / Abused,Jayangar
veterinary,Animal birth control/neutering of stray dogs,Shakambari Nagar
Solid Waste (Garbage) Related,Complaint against SW collector/ SWM official for violation of SWM Rules,Domlur
Road Maintenance(Engg),water stagnation,Nagapura
E khata / Khata services,Ekhata Other corrections,Sanjay Nagar
Health Dept,Fogging,Kottigepalya
E khata / Khata services,Technical Issue In Ekhata,Dattathreya Temple
E khata / Khata services,Ekhata Area Correction,Vidyapeetha
Solid Waste (Garbage) Related,Complaint against SW collector/ SWM official for violation of SWM Rules,Vidyapeetha
Health Dept,Fogging,Yelachenahalli
Indira Canteen,Others,Jakkur
Health Dept,Increase in mosquito density,Shankaramata
Road Maintenance(Engg),Road cutting,Rajagopala Nagar
Electrical,Street Lights Switched On During Day Time,Aramane Nagar
Parks and Play grounds,Environmental protection,Hebbal
Sanitation,Urination in Public/Open Defecation,Kempegowda Ward
Traffic Engineer Cell (TEC),TEC,HBR Layout
Storm  Water Drain(SWD),Sewerage water left in SWD,Ullalu
Health Dept,Unhygienic premises in Hotel etc,Vignana Nagar
veterinary,Dog bite pet dog,Koramangala
Health Dept,Spraying,Begur
E khata / Khata services,Khata / Ekhata mutation / transfer,Lakshmidevi Nagar
Solid Waste (Garbage) Related,Dead animal(s),Ganeshmandira Ward
Revenue Department,Others (JC),Yelahanka old Satellite Town
E khata / Khata services,Ekhata Area Correction,Hemmigepura
Health Dept,Unhygienic premises in Hotel etc,Kadugondanahalli
Road Infrastructure,Road Infrastructure,Kaveripura
Solid Waste (Garbage) Related,Dead animal(s),Rajagopala Nagar
Electrical,Requirement For New Street Lights,Shanthala Nagar
veterinary,Stray cattle related complaints,Kempegowda Ward
Town Planning,UnAuthorised Building Constructions,Jakkur
ಸಹಾಯಕ ಕಂದಾಯ ಅದಿಕಾರಿ ಕೆಂಗೇರಿ ಉಪ ವಿಭಾಗಕ್ಕೆ ಬೇಟಿ ನೀಡಿ ವಿಷಯ ನಿರ್ವಾಹಕರನ್ನು ಬೇಟಿಯಾಗಲು ಈ ಮೂಲಕ ತಿಳಿಸಲಾಗಿದೆ.,Lokamatha /RO,,
Electrical,Earthing Issue relate to Electric Poles/Panel Boards,Dr.Rajkumar Ward
E khata / Khata services,Khata / Ekhata mutation / transfer,HSR Layout
Solid Waste (Garbage) Related,Burning of Garbage in Open Space,Jagajeevanram Nagar
veterinary,Anti Rabies Vaccination of stray dogs,Yeshwanthpur
Electrical,Earthing Issue relate to Electric Poles/Panel Boards,Yelahanka old Satellite Town
E khata / Khata services,Ekhata Area Correction,Chikkalasandra
Health Dept,Fogging,Jaraganahalli
Health Dept,Spraying,Gottigere
Road Maintenance(Engg),Road side drains,Banashankari Temple Ward
Solid Waste (Garbage) Related,Sweeping not done,Kempapura Agrahara
veterinary,"Pet licensing / Pet shop licensing  / Breeder licensing ",Arakere
Solid Waste (Garbage) Related,Complaint against SW collector/ SWM official for violation of SWM Rules,Doddanekkundi
COME TO ARO OFFICE AND BRING CONCERN DOCUMENT AND CONTACT WARD CASE WORKER.,,
Advertisement,Flex and banners,Katriguppe
E khata / Khata services,Ekhata Area Correction,Dharmarayaswamy Temple Ward
Solid Waste (Garbage) Related,Public dustbins not cleaned,Chamrajpet
Road Maintenance(Engg),footpath encroachment,Ganeshmandira Ward
veterinary,Pet dog licence,Begur
Solid Waste (Garbage) Related,Complaint against SW collector/ SWM official for violation of SWM Rules,Yelahanka old Satellite Town
Revenue Department,Khata Services (Registration, Transfer, Bifurcation and Amalgamation),Chikpete
Health Dept,Air/Noise pollution,Hoodi
Health Dept,Unhygienic premises in Hotel etc,Thanisandra
Solid Waste (Garbage) Related,Complaint against SW collector/ SWM official for violation of SWM Rules,Vignana Nagar
Health Dept,Unhygienic  premises in hospital,Banaswadi
Welfare Schemes,Women Welfare Program,Mangammanapalya
Call Center,Call center Issues,Thanisandra
Road Maintenance(Engg),water stagnation,Banashankari Temple Ward
Road Maintenance(Engg),Potholes,Devasandra
Solid Waste (Garbage) Related,Burning of Garbage in Open Space,Konanakunte
Health Dept,Air/Noise pollution,Shanthala Nagar
Lakes,Lake being encroached,Begur
Solid Waste (Garbage) Related,Burning of Garbage in Open Space,Azad Nagar
Health Dept,Air/Noise pollution,Konena Agrahara
Health Dept,Spraying,Mangammanapalya
veterinary,Dog, cat Poor conditions / Breeding license validation,Uttarahalli
veterinary,Animal Cruelty/Ill-Treated / Abused,Kadugondanahalli
Parks and Play grounds,Play Grounds,Hagadooru
Water Crisis,Water related issue,Hanumantha Nagar
Health Dept,Air/Noise pollution,Garudacharpalya
veterinary,Animal birth control/neutering of stray dogs,Ganga Nagar
Parks and Play grounds,Gym/Children Play equipment in the parks,Pattabhiram Nagar
Road Maintenance(Engg),Overhanging cables,Hampi Nagar
Solid Waste (Garbage) Related,Sweeping not done,Vrushabhavati Nagar
Electrical,Street Lights Switched On During Day Time,Doddanekkundi
veterinary,Animal birth control/neutering of stray dogs,Nagarabhavi
Revenue Department,Discrepancy In Khata Certificate and Khata Extract,Visvesvarapuram
Indira Canteen,Food Quality,Herohalli
Call Center,Call center Issues,Binnipet
veterinary,Aged street dogs please take action,Kuvempu Nagar
Road Maintenance(Engg),Footpath,Anjanapur
Health Dept,Spraying,Jagajeevanram Nagar
Forest,obstructions Branches / Trees.,Jaraganahalli
Town Planning,Construction not done as per approved plan (Building Bye Law Violations),Sri Rammandira
Advertisement,Unsafe Hoardings,Hoodi
Road Maintenance(Engg),Footpath,Kuvempu Nagar
Electrical,Park Lights Not Working,Kuvempu Nagar
Parks and Play grounds,Issues Related to Parks/Medians/Circles/Island.,Marenahalli
Electrical,Park Lights Not Working,Kumaraswamy Layout
Health Dept,Spraying,Byatarayanapura
Water Crisis,Water related issue,Koramangala
Advertisement,Flex and banners,Hoodi
Solid Waste (Garbage) Related,Burning of Garbage in Open Space,Chamrajpet
Advertisement,Unsafe Hoardings,Aramane Nagar
Solid Waste (Garbage) Related,Dead animal(s),Chikkalasandra
Indira Canteen,Food Quality,Rajarajeshwari Nagar
Parks and Play grounds,Environmental protection,Basavanagudi
Health Dept,Increase in mosquito density,Mathikere
E khata / Khata services,Ekhata in previous owner name,Shettyhalli
Electrical,Street Lights Switched On During Day Time,Jayanagar East
Revenue Department,Unable to Generate the receipt after property tax payment.,Hongasandra
veterinary,Awareness session / Request for a session,J.P.Nagar
veterinary,Pet dog licence,Uttarahalli
veterinary,Stray dog related complaints,K.R.Market
Water Crisis,Water related issue,Hagadooru
Advertisement,Unsafe Hoardings,Vijay Nagar
E khata / Khata services,eKhata - name Mismatch,Vishwanathnagenahalli
veterinary,shifting of the street dogs to other places,Ganeshmandira Ward
Solid Waste (Garbage) Related,Garbage transfer not as per norms & area not kept clean,Hoysala Nagar
Road Maintenance(Engg),water leakage on road,Rajagopala Nagar
Solid Waste (Garbage) Related,Garbage transfer not as per norms & area not kept clean,Shettyhalli
Solid Waste (Garbage) Related,Public dustbins not cleaned,Chalavadipalya
veterinary,Aged street dogs please take action,Ulsoor
Solid Waste (Garbage) Related,Garbage transfer not as per norms & area not kept clean,Mahalakshmipuram
veterinary,"Pet licensing / Pet shop licensing  / Breeder licensing ",Marathalli
Electrical,Earthing Issue relate to Electric Poles/Panel Boards,Jalahalli
E khata / Khata services,Ekhata Area Correction,Herohalli
Storm  Water Drain(SWD),Garbage thrown in storm water drain,Kengeri
Road Maintenance(Engg),Debris Removal / Construction Material,Gayathri Nagar
Health Dept,Birth & Death Registration,T-Dasarahalli
Health Dept,Zonal Violation of the Building,Uttarahalli
Health Dept,Birth & Death Registration,Thanisandra
Electrical,Open Electrical Junction Box,Domlur
Road Maintenance(Engg),UnAuthorised Constructions,Ganeshmandira Ward
E khata / Khata services,new Khata / Ekhata registration / creation,Jakkur
veterinary,Anti Rabies Vaccination of stray dogs,Vidyaranyapura
veterinary,Animal birth control/neutering of stray dogs,Kammanahalli
Road Maintenance(Engg),Road cutting,Yelahanka old Satellite Town
veterinary,Animal Rescue - Not well - Requires attention,Jayanagar East
Electrical,Open Electrical Junction Box,Dayananda Nagar
Solid Waste (Garbage) Related,Burning of Garbage in Open Space,Laggere
Advertisement,Flex and banners,Shakambari Nagar
veterinary,Animal caught disease post surgery,Subedarapalya
E khata / Khata services,Technical Issue In Ekhata,Kengeri
Health Dept,Fogging,Jalahalli
E khata / Khata services,Ekhata - name correction,Okalipuram
Road Maintenance(Engg),Footpath,Vijanapura
Water Crisis,Water related issue,Nandini Layout
veterinary,Stray cattle related complaints,Sarvagna Nagar
veterinary,Dog, cat Poor conditions / Breeding license validation,Hebbal
Road Maintenance(Engg),Debris Removal / Construction Material,Rayapuram
E khata / Khata services,Khata / Ekhata mutation / transfer,Bagalagunte
E khata / Khata services,ekhata approval pending with ARO,Hanumantha Nagar
Road Maintenance(Engg),Footpath,Jayachamarajendra Nagar
Water Crisis,Water related issue,Singasandra
Property Tax services,unable to generate property tax challan,J.P.Nagar
Road Maintenance(Engg),Debris Removal / Construction Material,Padarayanapura
Others,Others,Maruthi Seva Nagar
veterinary,Stray/Rabid dog bite,BTM Layout
Property Tax services,Property tax owner name not updated,Karisandra
E khata / Khata services,Ekhata Other corrections,BTM Layout
ಸಹಾಯಕ ಕಂದಾಯ ಅದಿಕಾರಿ,ಕಛೇರಿಗೆ ಬೇಟಿಯಾಗಿ ಸಂಬಂಧಪಟ್ಟ ಅಧಿಕಾರಿಗಳಿಗೆ ತಿದ್ದುಪಡಿ ಮಾಡಲು ಅರ್ಜಿಸಲ್ಲಿಸಿ ಸರಿಪಡಿಸಿಕೊಳ್ಳಲು ಈ ಮೂಲಕ ತಿಳಿಸಲಾಗಿದೆ.,Lokamatha /RO,
veterinary,Animal Cruelty/Relocated,Sri Rammandira
Parks and Play grounds,Issues Related to Parks/Medians/Circles/Island.,Hebbal
Road Maintenance(Engg),footpath encroachment,Bapuji Nagar
Revenue Department,Others (JC),Bellandur
Road Maintenance(Engg),Road cutting,Jaraganahalli
Revenue Department,Khata Services (Registration, Transfer, Bifurcation and Amalgamation),Gottigere
Property Tax services,Unable to generate receipt after property tax payment,Maruthi Seva Nagar
Property Tax services,Other property tax issues,Puttenahalli
veterinary,Animal caught disease post surgery,Horamavu
Traffic Engineer Cell (TEC),TEC,Hoysala Nagar
Water Crisis,Water related issue,Aramane Nagar
veterinary,Dog, cat Poor conditions / Breeding license validation,Sri Rammandira
E khata / Khata services,Ekhata Other corrections,Shakthiganapathi Nagar
Solid Waste (Garbage) Related,Sweeping not done,Shakthiganapathi Nagar
Solid Waste (Garbage) Related,Complaint against SW collector/ SWM official for violation of SWM Rules,Kumaraswamy Layout
Advertisement,Flex and banners,Chikkalasandra
Indira Canteen,Staff Related,Kodigehalli
Health Dept,Fogging,Ejipura
veterinary,Street dog Adaptation process details,Katriguppe
Indira Canteen,Water quality,Vidyaranyapura
Solid Waste (Garbage) Related,Sweeping not done,Gangenahalli
Electrical,Open Electrical Junction Box,Nagarabhavi
Electrical,Open Electrical Junction Box,Kuvempu Nagar
Health Dept,Increase in mosquito density,Vishwanathnagenahalli
Electrical,Earthing Issue relate to Electric Poles/Panel Boards,Nagapura
Advertisement,Flex and banners,Sarakki
Advertisement,Flex and banners,J.P.Nagar
Road Maintenance(Engg),Road cutting,Subedarapalya
veterinary,Stray/Rabid dog bite,Shiva Nagar
Electrical,Earthing Issue relate to Electric Poles/Panel Boards,Subedarapalya
Solid Waste (Garbage) Related,Burning of Garbage in Open Space,HSR Layout
E khata / Khata services,Ekhata Other corrections,Kempegowda Ward
Electrical,Street Lights Switched On During Day Time,Vasanthapura
Solid Waste (Garbage) Related,Sweeping not done,Shettyhalli
Others,Others,HAL Airport
Health Dept,Increase in mosquito density,Sunkenahalli
Solid Waste (Garbage) Related,Garbage dumping in vacant sites,Domlur
Storm  Water Drain(SWD),Garbage thrown in storm water drain,Kadugodi
veterinary,Stray/Rabid dog bite,Lingarajapuram
E khata / Khata services,Ekhata in previous owner name,Vasanthapura
E khata / Khata services,Technical Issue In Ekhata,Rayapuram
Property Tax services,Unable to generate receipt after property tax payment,Byatarayanapura
Property Tax services,Other property tax issues,Peenya Industrial Area
Health Dept,Non availability of vaccines,Sarvagna Nagar
veterinary,Stray/Rabid dog bite,Jayanagar East
veterinary,Street dog Adaptation process details,Nagarabhavi
Road Maintenance(Engg),Footpath,Kamakshipalya
Traffic Engineer Cell (TEC),TEC,Subhash Nagar
veterinary,Stray dog related complaints,Jayangar
Town Planning,Construction not done as per approved plan (Building Bye Law Violations),Padarayanapura
3rd Block,BDA Layout,Naagarabhaavi
public parks are to remain open until 7:30 PM to ensure accessibility for all citizens. However,Zen Park continues to be closed by 10:00 AM,there has been no change
Road Maintenance(Engg),water leakage on road,C.V.Raman Nagar
E khata / Khata services,Ekhata missing in online,Kammanahalli
Water Crisis,Water related issue,Dayananda Nagar
Water Crisis,Water related issue,Cottonpet
veterinary,Anti Rabies Vaccination of stray dogs,Yelachenahalli
Revenue Department,Discrepancy In Khata Certificate and Khata Extract,Bommanahalli
Solid Waste (Garbage) Related,Garbage transfer not as per norms & area not kept clean,Siddapura
veterinary,shifting of the street dogs to other places,Banaswadi
E khata / Khata services,Ekhata - name correction,Hongasandra
E khata / Khata services,Other Khata / ekhata issues,Deepanjali Nagar
Revenue Department,Unable to Generate the receipt after property tax payment.,Rajarajeshwari Nagar
veterinary,Request for New feeder Points,Vignana Nagar
Forest,Removal of dead/fallen trees,Padarayanapura
veterinary,shifting of the street dogs to other places,Garudacharpalya
Parks and Play grounds,Issues Related to Parks/Medians/Circles/Island.,Kodigehalli
Electrical,Park Lights Not Working,Someshwara
Revenue Department,Unable to generate the property tax challan,Jnanabharathi Ward
Electrical,Earthing Issue relate to Electric Poles/Panel Boards,Manorayanapalya
Health Dept,Increase in mosquito density,Sagayapuram
veterinary,Fatally injured - Needs immediate attention,Manorayanapalya
Health Dept,Unhygienic  premises in hospital,Bellandur
Lakes,Lake not maintained properly,Kodigehalli
Health Dept,Increase in mosquito density,Konena Agrahara
Storm  Water Drain(SWD),Sewerage water left in SWD,Sagayapuram
Health Dept,Increase in mosquito density,Byatarayanapura
Town Planning,Noise during Building Construction,Ullalu
Estate,Violation of rules by property Leasers,Kaveripura
Electrical,Park Lights Not Working,Gali Anjaneya Swamy Temple Ward
Parks and Play grounds,Environmental protection,Padmanabha Nagar
Revenue Department,Others (JC),Thanisandra
E khata / Khata services,Ekhata Area Correction,Shanthala Nagar
E khata / Khata services,Ekhata Area Correction,Shanthi Nagar
Health Dept,Spraying,Sagayapuram
Parks and Play grounds,Environmental protection,Vidyapeetha
E khata / Khata services,Ekhata Other corrections,Jayangar
E khata / Khata services,ekhata approval pending with ARO,Chowdeshwari Ward
E khata / Khata services,Ekhata Area Correction,Vignana Nagar
Road Maintenance(Engg),UnAuthorised Constructions,HAL Airport
E khata / Khata services,Technical Issue In Ekhata,Madiwala
E khata / Khata services,Ekhata in previous owner name,Jnanabharathi Ward
Sanitation,Public toilet(s) blockage,Vishwanathnagenahalli
Road Maintenance(Engg),water leakage on road,Kammanahalli
Water Crisis,Water related issue,Hosakerehalli
Forest,Issues related Snakes/Birds/Monkeys,Hebbal
E khata / Khata services,eKhata - name Mismatch,Hemmigepura
Road Infrastructure,Road Infrastructure,Kushal Nagar
veterinary,Animal Surgery gone wrong,Thanisandra
veterinary,Animal caught disease post surgery,Rajarajeshwari Nagar
Health Dept,Unhygienic premises in Hotel etc,HSR Layout
veterinary,Stray/Rabid dog bite,Someshwara
Forest,Issues related Snakes/Birds/Monkeys,Manorayanapalya
E khata / Khata services,Ekhata missing in online,Gandhi Nagar
Property Tax services,Other property tax issues,Vignana Nagar
E khata / Khata services,Do not issue ekhata,Gottigere
Health Dept,Increase in mosquito density,Sri Nagar
Solid Waste (Garbage) Related,Public dustbins not cleaned,Ganga Nagar
E khata / Khata services,Ekhata Other corrections,Marappana Palya
Parks and Play grounds,Play Grounds,Basavanagudi
E khata / Khata services,Other Khata / ekhata issues,BTM Layout
Call Center,Call center Issues,Jakkur
E khata / Khata services,ekhata approval pending with ARO,Binnipet
veterinary,Stray/Rabid dog bite,Subedarapalya
Electrical,Street Lights Switched On During Day Time,Sampangiram Nagar
Parks and Play grounds,Gym/Children Play equipment in the parks,Kadugondanahalli
Welfare Schemes,Issues Regarding SC/ST Schemes.,Arakere
Parks and Play grounds,Issues Related to Parks/Medians/Circles/Island.,Rajaji Nagar
Parks and Play grounds,Inspection not done,HSR Layout
Solid Waste (Garbage) Related,Burning of Garbage in Open Space,Mangammanapalya
veterinary,Anti Rabies Vaccination of stray dogs,Vijay Nagar
Storm  Water Drain(SWD),Garbage thrown in storm water drain,Bharathi Nagar
Advertisement,Flex and banners,Koramangala
Solid Waste (Garbage) Related,Complaint against SW collector/ SWM official for violation of SWM Rules,Yeshwanthpur
veterinary,Anti Rabies Vaccination of stray dogs,Bagalagunte
Road Infrastructure,Road Infrastructure,Manorayanapalya
Education,Infrastructure related Issues.,Nagavara
veterinary,Stray/Rabid dog bite,Sri Nagar
Sanitation,Public toilet(s) blockage,Ramamurthy Nagar
Health Dept,Delay in issue of Trade licence,HSR Layout
veterinary,Anti Rabies Vaccination of stray dogs,Hebbal
EPID ನಂಬರ್ ಲಗತ್ತಿಸಲು ಈ ಮೂಲಕ ತಿಳಿಸಲಾಗಿದೆ.,Lokamatha /RO,,
Property Tax services,Other property tax issues,Deepanjali Nagar
E khata / Khata services,Ekhata in previous owner name,Chikpete
veterinary,Animal caught disease post surgery,Nagavara
Health Dept,Dengue positive,Nagarabhavi
E khata / Khata services,ekhata approval pending with ARO,Bommanahalli
Solid Waste (Garbage) Related,Dead animal(s),Hebbal
E khata / Khata services,Do not issue ekhata,Singasandra
Electrical,Open Electrical Junction Box,Benniganahalli
E khata / Khata services,Do not issue ekhata,Koramangala
E khata / Khata services,ekhata approval pending with ARO,Okalipuram
Property Tax services,Other property tax issues,Herohalli
Sanitation,Urination in Public/Open Defecation,HBR Layout
Advertisement,Flex and banners,Dodda Bidarkallu
E khata / Khata services,Do not issue ekhata,Giri Nagar
E khata / Khata services,ekhata approval pending with ARO,Subhash Nagar
Solid Waste (Garbage) Related,Public dustbins not cleaned,Ulsoor
Property Tax services,Other property tax issues,Dodda Bidarkallu
E khata / Khata services,Other Khata / ekhata issues,Yeshwanthpur
Lakes,Sewage inflow to lake,K.R.Puram
Sanitation,Public toilet(s) blockage,Padmanabha Nagar
E khata / Khata services,Other Khata / ekhata issues,Hegganahalli
Road Maintenance(Engg),Potholes,Rajaji Nagar
veterinary,Animal caught disease post surgery,Singasandra
Revenue Department,Others (JC),Horamavu
Health Dept,Fogging,Jagajeevanram Nagar
veterinary,Stray/Rabid dog bite,Mahalakshmipuram
Property Tax services,unable to generate property tax challan,Herohalli
Property Tax services,Other property tax issues,Maruthi Seva Nagar
Solid Waste (Garbage) Related,Burning of Garbage in Open Space,Vijanapura
E khata / Khata services,Other Khata / ekhata issues,Basavanapura
Road Maintenance(Engg),Footpath,Subedarapalya
veterinary,Stray/Rabid dog bite,Gangenahalli
Solid Waste (Garbage) Related,Garbage transfer not as per norms & area not kept clean,Dattathreya Temple
Solid Waste (Garbage) Related,Segregation of waste is not done,Begur
E khata / Khata services,ekhata approval pending with ARO,Devasandra
veterinary,Fatally injured - Needs immediate attention,Shakambari Nagar
Solid Waste (Garbage) Related,Garbage dumping in vacant sites,Cottonpet
Solid Waste (Garbage) Related,Complaint against SW collector/ SWM official for violation of SWM Rules,Dr.Rajkumar Ward
Electrical,Street Lights Switched On During Day Time,Shanthala Nagar
veterinary,Animal Rescue - Not well - Requires attention,Agaram
Solid Waste (Garbage) Related,Sweeping not done,Sudduguntepalya
Solid Waste (Garbage) Related,Public dustbins not cleaned,Jayangar
Storm  Water Drain(SWD),Garbage thrown in storm water drain,Shettyhalli
Others,Others,Yeshwanthpur
Others,Others,Shiva Nagar
Storm  Water Drain(SWD),Garbage thrown in storm water drain,K.R.Puram
Health Dept,Spraying,Hebbal
veterinary,Stray/Rabid dog bite,Chowdeshwari Ward
Storm  Water Drain(SWD),Sewerage water left in SWD,Yelahanka old Satellite Town
Electrical,Street Lights Switched On During Day Time,Kumaraswamy Layout
Health Dept,Air/Noise pollution,Sanjay Nagar
veterinary,Stray/Rabid dog bite,Binnipet
Health Dept,Fogging,Hosakerehalli
Sanitation,Public toilet(s) blockage,Bagalagunte
Road Maintenance(Engg),Road cutting,Malleshwaram
E khata / Khata services,ekhata approval pending with ARO,Sunkenahalli
Sanitation,Urination in Public/Open Defecation,Konanakunte
Road Maintenance(Engg),Overhanging cables,Bellandur
Solid Waste (Garbage) Related,Garbage dumping in vacant sites,Marathalli
Solid Waste (Garbage) Related,Garbage nuisance while transporting,Bharathi Nagar
Health Dept,Air/Noise pollution,Thanisandra
Call Center,Call center Issues,Kengeri
veterinary,Fatally injured - Needs immediate attention,Radhakrishna Temple
Road Maintenance(Engg),UnAuthorised Constructions,Katriguppe
Health Dept,Dengue positive,Chikkalasandra
Revenue Department,Others (JC),Byatarayanapura
Traffic Engineer Cell (TEC),TEC,Kottigepalya
Revenue Department,Unable to generate the property tax challan,Attiguppe
Road Maintenance(Engg),footpath encroachment,Shiva Nagar
E khata / Khata services,Ekhata missing in online,Kushal Nagar
veterinary,Stray dog related complaints,Kamakshipalya
Indira Canteen,Food Quantity,BTM Layout
Sanitation,Public toilet(s) blockage,Maruthi Mandira Ward
Revenue Department,Discrepancy In Khata Certificate and Khata Extract,Benniganahalli
Solid Waste (Garbage) Related,Segregation of waste is not done,Banaswadi
E khata / Khata services,Technical Issue In Ekhata,Pattabhiram Nagar
E khata / Khata services,Technical Issue In Ekhata,Jayangar
Health Dept,Increase in mosquito density,Newthippasandra
Traffic Engineer Cell (TEC),TEC,Hemmigepura
Property Tax services,Property tax owner name not updated,Jnanabharathi Ward
Electrical,Requirement For New Street Lights,Pattabhiram Nagar
Revenue Department,Unable to generate the property tax challan,Maruthi Mandira Ward
Health Dept,Air/Noise pollution,Kengeri
Solid Waste (Garbage) Related,Burning of Garbage in Open Space,Jayanagar East
Road Maintenance(Engg),Potholes,Rajagopala Nagar
Parks and Play grounds,Issues Related to Parks/Medians/Circles/Island.,Rajagopala Nagar
Indira Canteen,Food Quantity,Radhakrishna Temple
Town Planning,UnAuthorised Building Constructions,Bommanahalli
Indira Canteen,Staff Related,Shakthiganapathi Nagar
Solid Waste (Garbage) Related,Garbage transfer not as per norms & area not kept clean,Bharathi Nagar
Solid Waste (Garbage) Related,Garbage nuisance while transporting,Shankaramata
Electrical,Street Lights Switched On During Day Time,Okalipuram
Electrical,Street Lights Switched On During Day Time,Chokkasandra
Parks and Play grounds,Gym/Children Play equipment in the parks,Ullalu
Traffic Engineer Cell (TEC),TEC,Varthur
Health Dept,Spraying,Rajagopala Nagar
Road Maintenance(Engg),Footpath,Kaveripura
veterinary,Stray dog related complaints,Ulsoor
Electrical,Earthing Issue relate to Electric Poles/Panel Boards,Hemmigepura
Electrical,Park Lights Not Working,Nagapura
Road Maintenance(Engg),footpath encroachment,Shakthiganapathi Nagar
Electrical,Park Lights Not Working,Hoodi
Estate,Payment/Rent issues,Radhakrishna Temple
veterinary,Mutton/Chicken/fish stall Unhygienic maintenance,Uttarahalli
Revenue Department,Unable to Generate the receipt after property tax payment.,Puttenahalli
Road Maintenance(Engg),Footpath,S.K.Garden
Sanitation,Urination in Public/Open Defecation,Malleshwaram
Advertisement,Flex and banners,Lakkasandra
so please apply to engineer department,Purushottam/ARO,,
Solid Waste (Garbage) Related,Garbage transfer not as per norms & area not kept clean,Lakkasandra
Road Maintenance(Engg),Footpath,Dr.Rajkumar Ward
Electrical,Park Lights Not Working,Katriguppe
Solid Waste (Garbage) Related,Garbage transfer not as per norms & area not kept clean,Sri Nagar
Projects Central,Drainage blockage,Kodigehalli
veterinary,Animal birth control/neutering of stray dogs,Sunkenahalli
Town Planning,Construction not done as per approved plan (Building Bye Law Violations),Herohalli
Electrical,Open Electrical Junction Box,Jnanabharathi Ward
Road Maintenance(Engg),Footpath,Chokkasandra
Solid Waste (Garbage) Related,Dead animal(s),Vijay Nagar
Information Technology,Others(Technical or Software Issues),Bilekahalli
Health Dept,Increase in mosquito density,Vannarpet
Electrical,Park Lights Not Working,Sanjay Nagar
Health Dept,Increase in mosquito density,Basaveshwara Nagar
Parks and Play grounds,Play Grounds,Nagarabhavi
Health Dept,Increase in mosquito density,Chowdeshwari Ward
E khata / Khata services,ekhata approval pending with ARO,Hosakerehalli
E khata / Khata services,Ekhata missing in online,Doddabommasandra
ಸಹಾಯಕ ಕಂದಾಯ ಅದಿಕಾರಿ ಕೆಂಗೇರಿ ಉಪ ವಿಭಾಗ ರವರು ತಮ್ಮ ಅರ್ಜಿಯನ್ನು Approve ಮಾಡಿದ್ದಾರೆ ಪ್ರಸ್ತುತ ವರ್ಷದ ಕಂದಾಯ ವನ್ನು ಪಾಲಿಸಿ ಇ- ಖಾತಾ ಪಡೆಯಬಹುದು ಎಂದು ಈ ಮೂಲಕ ತಿಳಿಸಲಾಗಿದೆ. ವಂದನೆಗಳು,Lokamatha /RO,,
E khata / Khata services,Ekhata missing in online,Basavanagudi
E khata / Khata services,Ekhata Other corrections,Maruthi Seva Nagar
veterinary,shifting of the street dogs to other places,Yeshwanthpur
E khata / Khata services,Ekhata - name correction,Maruthi Seva Nagar
Solid Waste (Garbage) Related,Complaint against SW collector/ SWM official for violation of SWM Rules,Chalavadipalya
veterinary,shifting of the street dogs to other places,Chowdeshwari Ward
Parks and Play grounds,Issues Related to Parks/Medians/Circles/Island.,Ulsoor
Health Dept,Spraying,Chamrajpet
E khata / Khata services,Ekhata missing in online,Padarayanapura
Solid Waste (Garbage) Related,Complaint against SW collector/ SWM official for violation of SWM Rules,Sarvagna Nagar
Plastic,Use of banned single use plastic,Shanthala Nagar
E khata / Khata services,Ekhata missing in online,Shiva Nagar
veterinary,Dog, cat Poor conditions / Breeding license validation,Nandini Layout
E khata / Khata services,ekhata approval pending with ARO,Sarakki
Road Maintenance(Engg),water leakage on road,Koramangala
Health Dept,Air/Noise pollution,HBR Layout
Advertisement,Flex and banners,Hampi Nagar
Solid Waste (Garbage) Related,Sweeping not done,Moodalapalya
Road Maintenance(Engg),water stagnation,Bommanahalli
Solid Waste (Garbage) Related,Garbage transfer not as per norms & area not kept clean,Radhakrishna Temple
Road Maintenance(Engg),water leakage on road,Kacharakanahalli
Solid Waste (Garbage) Related,Public dustbins not cleaned,Kuvempu Nagar
E khata / Khata services,Ekhata - name correction,Ramamurthy Nagar
Health Dept,Unhygienic premises in Hotel etc,Rajarajeshwari Nagar
Advertisement,Flex and banners,Sudduguntepalya
Solid Waste (Garbage) Related,Public dustbins not cleaned,Visvesvarapuram
Solid Waste (Garbage) Related,Complaint against SW collector/ SWM official for violation of SWM Rules,Ulsoor
Road Maintenance(Engg),Footpath,Arakere
Indira Canteen,Food Quantity,Shanthala Nagar
Solid Waste (Garbage) Related,Garbage vehicle not arrived,Vrushabhavati Nagar
Road Maintenance(Engg),UnAuthorised Constructions,Radhakrishna Temple
Town Planning,Delay in issuing building permit,Uttarahalli
Others,Others,Jayachamarajendra Nagar
Solid Waste (Garbage) Related,Burning of Garbage in Open Space,Kumaraswamy Layout
Call Center,others,Vasanthapura
Road Maintenance(Engg),UnAuthorised Constructions,Jayangar
Health Dept,Fogging,Basaveshwara Nagar
Parks and Play grounds,Gym/Children Play equipment in the parks,Radhakrishna Temple
veterinary,Animal Rescue - Not well - Requires attention,Shankaramata
Road Maintenance(Engg),Debris Removal / Construction Material,Devarajeevanahalli
veterinary,Animal Rescue - Not well - Requires attention,Shivaji Nagar
Health Dept,Spraying,Subramanya Nagar
Electrical,Earthing Issue relate to Electric Poles/Panel Boards,Vannarpet
E khata / Khata services,ekhata approval pending with ARO,Marappana Palya
Health Dept,Fogging,Adugodi
Forest,Issues related Snakes/Birds/Monkeys,Vasanthapura
Road Maintenance(Engg),UnAuthorised Constructions,Ganga Nagar
Property Tax services,Other property tax issues,Jayamahal
Road Maintenance(Engg),UnAuthorised Constructions,Marathalli
Electrical,Requirement For New Street Lights,Puttenahalli
Health Dept,Air/Noise pollution,Marathalli
Parks and Play grounds,Gym/Children Play equipment in the parks,Sri Rammandira
Health Dept,Zonal Violation of the Building,Jaraganahalli
Water Crisis,Water related issue,Puttenahalli
Forest,Issues related Snakes/Birds/Monkeys,Someshwara
Solid Waste (Garbage) Related,Garbage nuisance while transporting,Nagapura
E khata / Khata services,Ekhata - name correction,Dharmarayaswamy Temple Ward
Health Dept,Spraying,Vidyaranyapura
Road Maintenance(Engg),footpath encroachment,Sarvagna Nagar
veterinary,Animal caught disease post surgery,Bommanahalli
Electrical,Requirement For New Street Lights,Hosakerehalli
Storm  Water Drain(SWD),Garbage thrown in storm water drain,Kadugondanahalli
E khata / Khata services,Other Khata / ekhata issues,H.M.T
Health Dept,Fogging,Kamakshipalya
veterinary,Request for New feeder Points,Jnanabharathi Ward
Health Dept,Spraying,Nandini Layout
Water Crisis,Water related issue,Kodigehalli
Sanitation,Urination in Public/Open Defecation,Gottigere
Health Dept,Fogging,Gottigere
Road Maintenance(Engg),Road cutting,Kaveripura
Forest,Issues related Snakes/Birds/Monkeys,Vidyaranyapura
veterinary,Request for New feeder Points,Kengeri
veterinary,Awareness session / Request for a session,Kengeri
veterinary,Animal Cruelty/Relocated,Kengeri
Road Maintenance(Engg),Road cutting,Sarvagna Nagar
Solid Waste (Garbage) Related,Garbage nuisance while transporting,Ramamurthy Nagar
Solid Waste (Garbage) Related,Garbage transfer not as per norms & area not kept clean,Karisandra
Solid Waste (Garbage) Related,Public dustbins not cleaned,Sarakki
veterinary,Street dogs attacking-pet Dogs,Jakkur
Lakes,Sewage inflow to lake,Garudacharpalya
veterinary,Pet dog licence,Chokkasandra
Town Planning,Noise during Building Construction,Chikpete
Solid Waste (Garbage) Related,Complaint against SW collector/ SWM official for violation of SWM Rules,Hongasandra
Solid Waste (Garbage) Related,Burning of Garbage in Open Space,Hongasandra
Storm  Water Drain(SWD),Sewerage water left in SWD,Basavanapura
Advertisement,Unsafe Hoardings,Malleshwaram
Advertisement,Flex and banners,Malleshwaram
Advertisement,Flex and banners,Sanjay Nagar
Town Planning,UnAuthorised Building Constructions,Malleshwaram
Health Dept,Increase in mosquito density,Kamakshipalya
Health Dept,Spraying,Vannarpet
Health Dept,Increase in mosquito density,J.P.Nagar
Road Maintenance(Engg),UnAuthorised Constructions,Nagavara
veterinary,shifting of the street dogs to other places,Kottigepalya
Road Maintenance(Engg),Debris Removal / Construction Material,A.Narayanapura
Revenue Department,Unable to Generate the receipt after property tax payment.,Pulikeshi Nagar
Electrical,Requirement For New Street Lights,Vijanapura
Storm  Water Drain(SWD),Maintenance of SWD,Gottigere
Revenue Department,Unable to generate the property tax challan,Padarayanapura
Storm  Water Drain(SWD),Sewerage water left in SWD,Ulsoor
Storm  Water Drain(SWD),Maintenance of SWD,A.Narayanapura
Solid Waste (Garbage) Related,Garbage nuisance while transporting,Mahalakshmipuram
Indira Canteen,Food Quantity,Kodigehalli
Call Center,Call center Issues,Rajagopala Nagar
Road Maintenance(Engg),water stagnation,Konena Agrahara
Traffic Engineer Cell (TEC),TEC,Horamavu
Solid Waste (Garbage) Related,Complaint against SW collector/ SWM official for violation of SWM Rules,Varthur
veterinary,Animal Cruelty/Ill-Treated / Abused,Sanjay Nagar
Property Tax services,Other property tax issues,Begur
Health Dept,Fogging,Shiva Nagar
veterinary,Dog bite pet dog,Vannarpet
veterinary,Animal Rescue - Not well - Requires attention,Cottonpet
Road Maintenance(Engg),Road side drains,Mathikere
Revenue Department,Unable to generate the property tax challan,Malleshwaram
veterinary,Animal caught disease post surgery,K.R.Puram
Revenue Department,Unable to generate the property tax challan,Chamrajpet
Solid Waste (Garbage) Related,Burning of Garbage in Open Space,Kottigepalya
veterinary,Dog bite pet dog,Banaswadi
Electrical,Open Electrical Junction Box,Hombegowda Nagar
Health and Sanitation,Shankar Murthy/HS,,
veterinary,Animal Cruelty/Relocated,Hemmigepura
Solid Waste (Garbage) Related,Garbage transfer not as per norms & area not kept clean,Singasandra
Solid Waste (Garbage) Related,Public dustbins not cleaned,K.R.Puram
veterinary,Stray dog related complaints,Chalavadipalya
Health Dept,Birth & Death Registration,Konena Agrahara
Solid Waste (Garbage) Related,Garbage dumping in vacant sites,Chowdeshwari Ward
Solid Waste (Garbage) Related,Burning of Garbage in Open Space,Nayandanahalli
Health Dept,Spraying,Pulikeshi Nagar
Plastic,Use of banned single use plastic,Doddanekkundi
Town Planning,Construction not done as per approved plan (Building Bye Law Violations),Binnipet
Health Dept,Delay in issue of Trade licence,Sampangiram Nagar
veterinary,Anti Rabies Vaccination of stray dogs,Kodigehalli
veterinary,Animal Rescue - Not well - Requires attention,J.P.Park
Health Dept,Unhygienic  premises in hospital,Kengeri
Water Crisis,Water related issue,Sarvagna Nagar
Solid Waste (Garbage) Related,Garbage transfer not as per norms & area not kept clean,Ramamurthy Nagar
E khata / Khata services,Khata / Ekhata mutation / transfer,Singasandra
Others,Others,Radhakrishna Temple
Health Dept,Dengue positive,Jagajeevanram Nagar
Road Maintenance(Engg),UnAuthorised Constructions,Siddapura
veterinary,Animal caught disease post surgery,Gali Anjaneya Swamy Temple Ward
veterinary,"Pet licensing / Pet shop licensing  / Breeder licensing ",Hagadooru
Health Dept,Unhygienic premises in Hotel etc,Katriguppe
Road Maintenance(Engg),footpath encroachment,Shanthi Nagar
veterinary,Illegal pet shop / Animal cruelty / license check,Kumaraswamy Layout
Road Maintenance(Engg),footpath encroachment,Hebbal
ಸಹಾಯಕ ಕಂದಾಯ ಅದಿಕಾರಿ ಕೆಂಗೇರಿ ಉಪ ವಿಭಾಗ ರವರು ತಮ್ಮ ಅರ್ಜಿಯನ್ನು ಈ ಕೂಡಲೇ Approve ಮಾಡಲು ಆಧೇಶಿಸಲಾಗಿದೆ.,Lokamatha /RO,,
Road Maintenance(Engg),water leakage on road,J.P.Nagar
Currently this property available in Case Worker(cw_72_5_1_bbmp; cw_72_5_2_bbmp; cw_72_5_3_bbmp; cw_72_5_4_bbmp; cw_72_5_5_bbmp; cw_72_s1_bbmp; cw_72_s2_bbmp; cw_72_s3_bbmp; cw_72_s4_bbmp; cw_72_s5_bbmp) forward list.,S SURESH/ARO,,
Sanitation,Public toilet(s) cleaning,Jagajeevanram Nagar
Advertisement,Flex and banners,Bapuji Nagar
Health Dept,Delay in issue of Trade licence,Kempapura Agrahara
E khata / Khata services,Khata / Ekhata mutation / transfer,T-Dasarahalli
veterinary,Animal caught disease post surgery,Sampangiram Nagar
Advertisement,Flex and banners,Chokkasandra
Advertisement,Flex and banners,Singasandra
Sanitation,Public toilet(s) cleaning,Hoodi
Road Maintenance(Engg),footpath encroachment,Gali Anjaneya Swamy Temple Ward
E khata / Khata services,Ekhata in previous owner name,Herohalli
Property Tax services,Other property tax issues,Shanthi Nagar
Electrical,Open Electrical Junction Box,Doddanekkundi
E khata / Khata services,ekhata approval pending with ARO,Mallasandra
veterinary,Aged street dogs please take action,Dattathreya Temple
Town Planning,UnAuthorised Building Constructions,Kodigehalli
veterinary,Animal birth control/neutering of stray dogs,Hosahalli
Health Dept,Spraying,Kempapura Agrahara
Road Maintenance(Engg),water leakage on road,Garudacharpalya
veterinary,Anti Rabies Vaccination of stray dogs,Madiwala
Town Planning,Construction not done as per approved plan (Building Bye Law Violations),Mangammanapalya
veterinary,Stray cattle related complaints,Bapuji Nagar
veterinary,Stray cattle related complaints,Attiguppe
Town Planning,Noise during Building Construction,Puttenahalli
Solid Waste (Garbage) Related,Garbage dumping in vacant sites,Shiva Nagar
Solid Waste (Garbage) Related,Garbage dumping in vacant sites,Neelasandra
Markets,Violation of rules by Shop rent / Leaser,Yelachenahalli
Electrical,Park Lights Not Working,Hoysala Nagar
Advertisement,Unsafe Hoardings,Pattabhiram Nagar
veterinary,Anti Rabies Vaccination of stray dogs,Gangenahalli
Parks and Play grounds,Issues Related to Parks/Medians/Circles/Island.,Nagapura
Electrical,Requirement For New Street Lights,Doddabommasandra
Advertisement,Unsafe Hoardings,J.P.Nagar
veterinary,Street dog Adaptation process details,Hoodi
Road Maintenance(Engg),UnAuthorised Constructions,Neelasandra
Indira Canteen,Others,Hoodi
Health Dept,Dengue positive,Padarayanapura
Health Dept,Dengue positive,Kaveripura
Sanitation,No electricity in public toilet(s),Shanthala Nagar
veterinary,Anti Rabies Vaccination of stray dogs,Govindraja Nagara
veterinary,shifting of the street dogs to other places,C.V.Raman Nagar
Health Dept,Fogging,Chalavadipalya
Property Tax services,Other property tax issues,H.M.T
Parks and Play grounds,Play Grounds,Sagayapuram
Indira Canteen,Food Quality,Kodigehalli
Solid Waste (Garbage) Related,Burning of Garbage in Open Space,Koramangala
veterinary,Dog, cat Poor conditions / Breeding license validation,Kadugondanahalli
Health Dept,Fogging,Agrahara Dasarahalli
veterinary,Animal caught disease post surgery,Kengeri
Solid Waste (Garbage) Related,Dead animal(s),Yelahanka old Satellite Town
Revenue Department,Others (JC),Jnanabharathi Ward
veterinary,Mutton/Chicken/fish stall Unhygienic maintenance,Shankaramata
Property Tax services,Other property tax issues,Doddabommasandra
veterinary,Dog, cat Poor conditions / Breeding license validation,Chokkasandra
veterinary,Animal caught disease post surgery,Peenya Industrial Area
veterinary,Stray dog related complaints,Mallasandra
veterinary,Street dogs attacking-pet Dogs,Doddanekkundi
E khata / Khata services,Technical Issue In Ekhata,Maruthi Seva Nagar
veterinary,Animal Rescue - Not well - Requires attention,Dattathreya Temple
veterinary,Fatally injured - Needs immediate attention,Kammanahalli
veterinary,Animal caught disease post surgery,Jeevanbhima Nagar
veterinary,Street dogs attacking-pet Dogs,Ullalu
Advertisement,Flex and banners,A.Narayanapura
Indira Canteen,Food Quality,Shankaramata
Electrical,Street Lights Switched On During Day Time,Manorayanapalya
Indira Canteen,Food Quality,Nayandanahalli
Solid Waste (Garbage) Related,Garbage nuisance while transporting,Katriguppe
veterinary,Stray cattle related complaints,Cottonpet
veterinary,Anti Rabies Vaccination of stray dogs,Mathikere
veterinary,Mutton/Chicken/fish stall Unhygienic maintenance,Herohalli
Town Planning,Construction not done as per approved plan (Building Bye Law Violations),Bommanahalli
Information Technology,App Related Issues,Benniganahalli
Road Maintenance(Engg),Overhanging cables,Jogupalya
Plastic,Use of banned single use plastic,Gottigere
Revenue Department,Unable to generate the property tax challan,Hanumantha Nagar
Road Maintenance(Engg),water leakage on road,Yelahanka old Satellite Town
Electrical,Street Lights Switched On During Day Time,K.R.Puram
Water Crisis,Water related issue,Vijanapura
Forest,Issues related Snakes/Birds/Monkeys,Rajarajeshwari Nagar
Property Tax services,Issues in property tax portal,Newthippasandra
Town Planning,UnAuthorised Building Constructions,Dodda Bidarkallu
Road Maintenance(Engg),footpath encroachment,Vijay Nagar
E khata / Khata services,Ekhata in previous owner name,Karisandra
E khata / Khata services,Khata / Ekhata mutation / transfer,Konena Agrahara
veterinary,Request for ABC,K.R.Puram
Electrical,Open Electrical Junction Box,Herohalli
veterinary,Animal Rescue - Not well - Requires attention,Subhash Nagar
veterinary,Stray cattle related complaints,Ejipura
veterinary,Dog bite pet dog,Kottigepalya
veterinary,Animal caught disease post surgery,Gottigere
Road Maintenance(Engg),footpath encroachment,Deepanjali Nagar
veterinary,Stray cattle related complaints,Sarakki
Health Dept,Spraying,Chokkasandra
Solid Waste (Garbage) Related,Garbage vehicle not arrived,Jayamahal
Solid Waste (Garbage) Related,Burning of Garbage in Open Space,Sri Rammandira
E khata / Khata services,Other Khata / ekhata issues,Kacharakanahalli
Health Dept,Increase in mosquito density,Shiva Nagar
Health Dept,Spraying,Kottigepalya
Revenue Department,Unable to generate the property tax challan,Anjanapur
Road Maintenance(Engg),Potholes,Devarajeevanahalli
veterinary,Street dogs attacking-pet Dogs,HSR Layout
Solid Waste (Garbage) Related,Garbage transfer not as per norms & area not kept clean,Rajamahal
Solid Waste (Garbage) Related,Garbage nuisance while transporting,Rajamahal
veterinary,Anti Rabies Vaccination of stray dogs,Gali Anjaneya Swamy Temple Ward
Others,Others,Marappana Palya
veterinary,Stray/Rabid dog bite,Dr.Rajkumar Ward
Road Maintenance(Engg),Footpath,Devarajeevanahalli
Traffic Engineer Cell (TEC),TEC,Kuvempu Nagar
Projects Central,Road furnitures,Kodigehalli
Road Maintenance(Engg),Footpath,Dayananda Nagar
Solid Waste (Garbage) Related,Burning of Garbage in Open Space,Kempegowda Ward
Road Infrastructure,Road Infrastructure,Katriguppe
Road Maintenance(Engg),footpath encroachment,Dodda Bidarkallu
Revenue Department,Others (JC),Sampangiram Nagar
Revenue Department,Others (JC),Doddanekkundi
Others,Others,Mahalakshmipuram
Solid Waste (Garbage) Related,Garbage transfer not as per norms & area not kept clean,Kushal Nagar
Solid Waste (Garbage) Related,Garbage nuisance while transporting,Madiwala
veterinary,Fatally injured - Needs immediate attention,Dharmarayaswamy Temple Ward
Health Dept,Fogging,Ulsoor
Plastic,Use of banned single use plastic,Hebbal
Lakes,Sewage inflow to lake,Ramamurthy Nagar
Road Maintenance(Engg),UnAuthorised Constructions,Pattabhiram Nagar
Solid Waste (Garbage) Related,Burning of Garbage in Open Space,Jeevanbhima Nagar
BBMP order the park will be open from morning 5 am to night 10 pm. Your request is send to Honorable Chief Commissioner and mean you also request to Honorable Chief Commissioner,Shankar Murthy/HS,,
veterinary,Stray/Rabid dog bite,Attiguppe
Solid Waste (Garbage) Related,Garbage dumping in vacant sites,Jayanagar East
Road Maintenance(Engg),UnAuthorised Constructions,Yelachenahalli
Health Dept,Unhygienic premises in Hotel etc,Bagalagunte
Health Dept,Spraying,Neelasandra
Revenue Department,Khata Services (Registration, Transfer, Bifurcation and Amalgamation),Madiwala
Projects Central,Street light issues,Jnanabharathi Ward
veterinary,Fatally injured - Needs immediate attention,Kamakshipalya
Revenue Department,Unable to generate the property tax challan,Lakshmidevi Nagar
Forest,Issues related Snakes/Birds/Monkeys,Kammanahalli
Call Center,Call center Issues,Basavanapura
Solid Waste (Garbage) Related,Garbage transfer not as per norms & area not kept clean,Maruthi Seva Nagar
Health Dept,Spraying,Sampangiram Nagar
E khata / Khata services,ekhata approval pending with ARO,Chamrajpet
veterinary,Fatally injured - Needs immediate attention,BTM Layout
Road Maintenance(Engg),UnAuthorised Constructions,Newthippasandra
Town Planning,UnAuthorised Building Constructions,HSR Layout
veterinary,Stray dog related complaints,Cottonpet
E khata / Khata services,Ekhata - name correction,Mallasandra
Road Maintenance(Engg),footpath encroachment,Karisandra
Revenue Department,Discrepancy In Khata Certificate and Khata Extract,Uttarahalli
Parks and Play grounds,Environmental protection,Bellandur
E khata / Khata services,eKhata - name Mismatch,Jakkur
Road Maintenance(Engg),Road cutting,Devasandra
Electrical,Street Lights Switched On During Day Time,Chamrajpet
Town Planning,Delay in issuing building permit,Bilekahalli
Revenue Department,Unable to generate the property tax challan,Gandhi Nagar
Solid Waste (Garbage) Related,Garbage dumping in vacant sites,Gali Anjaneya Swamy Temple Ward
Markets,Trade License,Visvesvarapuram
Electrical,Street Lights Switched On During Day Time,Sudam Nagar
Forest,obstructions Branches / Trees.,Dharmarayaswamy Temple Ward
Road Maintenance(Engg),UnAuthorised Constructions,Manorayanapalya
Lakes,Sewage inflow to lake,Basavanapura
veterinary,Animal Rescue - Not well - Requires attention,Marappana Palya
Lakes,Sewage inflow to lake,Newthippasandra
Road Maintenance(Engg),UnAuthorised Constructions,Shiva Nagar
Electrical,Requirement For New Street Lights,Shakambari Nagar
veterinary,Feeder Harassment  by Individual / Mob but no association,C.V.Raman Nagar
veterinary,Stray pig related complaints,Vignana Nagar
Solid Waste (Garbage) Related,Dead animal(s),Bharathi Nagar
Electrical,Requirement For New Street Lights,Nagarabhavi
Solid Waste (Garbage) Related,Garbage transfer not as per norms & area not kept clean,Byrasandra
E khata / Khata services,ekhata approval pending with ARO,Doddabommasandra
Health Dept,Fogging,Sampangiram Nagar
veterinary,Fatally injured - Needs immediate attention,Chikkalasandra
Revenue Department,Discrepancy In Khata Certificate and Khata Extract,Kempegowda Ward
Parks and Play grounds,Issues Related to Parks/Medians/Circles/Island.,Vijanapura
Health Dept,Air/Noise pollution,Rajagopala Nagar
veterinary,Anti Rabies Vaccination of stray dogs,Basavanagudi
E khata / Khata services,Ekhata missing in online,J.P.Nagar
veterinary,Fatally injured - Needs immediate attention,S.K.Garden
E khata / Khata services,eKhata - name Mismatch,Begur
veterinary,shifting of the street dogs to other places,Jakkur
Solid Waste (Garbage) Related,Complaint against SW collector/ SWM official for violation of SWM Rules,HAL Airport
E khata / Khata services,eKhata - name Mismatch,Marappana Palya
Revenue Department,Others (JC),Basavanagudi
Revenue Department,Khata Services (Registration, Transfer, Bifurcation and Amalgamation),Hongasandra
Forest,Issues related Snakes/Birds/Monkeys,Yadiyuru
Advertisement,Flex and banners,Jayanagar East
Health Dept,Spraying,Dattathreya Temple
Solid Waste (Garbage) Related,Burning of Garbage in Open Space,Peenya Industrial Area
Solid Waste (Garbage) Related,Dead animal(s),Konena Agrahara
Advertisement,Flex and banners,Jeevanbhima Nagar
Health Dept,Increase in mosquito density,Agaram
Projects Central,Potholes,Doddanekkundi
Health Dept,Unhygienic premises in Hotel etc,Byatarayanapura
Solid Waste (Garbage) Related,Garbage nuisance while transporting,Banashankari Temple Ward
Parks and Play grounds,Environmental protection,Varthur
next action will inform the Deputy CM Sir .,Devaraj/EE,,
Advertisement,Flex and banners,Shakthiganapathi Nagar
Lakes,Sewage inflow to lake,Bellandur
Road Maintenance(Engg),Footpath,Banaswadi
Solid Waste (Garbage) Related,Complaint against SW collector/ SWM official for violation of SWM Rules,Siddapura
Sanitation,Public toilet(s) blockage,Pulikeshi Nagar
E khata / Khata services,Ekhata in previous owner name,BTM Layout
Town Planning,Delay in issuing building permit,Singasandra
Road Maintenance(Engg),Footpath,Rayapuram
Education,Academic Issues.,Bommanahalli
Solid Waste (Garbage) Related,Burning of Garbage in Open Space,Pattabhiram Nagar
Solid Waste (Garbage) Related,Complaint against SW collector/ SWM official for violation of SWM Rules,Madiwala
Road Maintenance(Engg),Debris Removal / Construction Material,Sri Nagar
Advertisement,Flex and banners,Karisandra
Traffic Engineer Cell (TEC),TEC,Shettyhalli
veterinary,Animal caught disease post surgery,Shanthi Nagar
Property Tax services,Other property tax issues,Mangammanapalya
Solid Waste (Garbage) Related,Public dustbins not cleaned,Hosahalli
E khata / Khata services,ekhata approval pending with ARO,Vannarpet
veterinary,shifting of the street dogs to other places,Singasandra
Advertisement,Flex and banners,Pulikeshi Nagar
Advertisement,Flex and banners,Shivaji Nagar
Road Maintenance(Engg),UnAuthorised Constructions,Maruthi Seva Nagar
veterinary,Animal caught disease post surgery,Chokkasandra
veterinary,Animal caught disease post surgery,Ullalu
veterinary,Animal caught disease post surgery,Sunkenahalli
Solid Waste (Garbage) Related,Dead animal(s),Jaraganahalli
Sanitation,Public toilet(s) cleaning,Jeevanbhima Nagar
Water Crisis,Water related issue,Jakkasandra
Forest,obstructions Branches / Trees.,Kadugondanahalli
Revenue Department,Khata Services (Registration, Transfer, Bifurcation and Amalgamation),Bommanahalli
veterinary,Fatally injured - Needs immediate attention,Banashankari Temple Ward
Town Planning,Construction not done as per approved plan (Building Bye Law Violations),Bilekahalli
veterinary,Stray/Rabid dog bite,Jalahalli
Lakes,Lake not maintained properly,Byatarayanapura
Solid Waste (Garbage) Related,Complaint against SW collector/ SWM official for violation of SWM Rules,Gali Anjaneya Swamy Temple Ward
Storm  Water Drain(SWD),Maintenance of SWD,Sarvagna Nagar
Solid Waste (Garbage) Related,Dead animal(s),Sunkenahalli
veterinary,Animal birth control/neutering of stray dogs,Cottonpet
Road Maintenance(Engg),UnAuthorised Constructions,Bagalagunte
Road Maintenance(Engg),footpath encroachment,Chikpete
Health Dept,Fogging,Manorayanapalya
Parks and Play grounds,Environmental protection,Yelahanka old Satellite Town
Town Planning,Construction not done as per approved plan (Building Bye Law Violations),Jaraganahalli
Water Crisis,Water related issue,Vignana Nagar
veterinary,Stray cattle related complaints,Vignana Nagar
Electrical,Street Lights Switched On During Day Time,Bharathi Nagar
Road Maintenance(Engg),UnAuthorised Constructions,Sudduguntepalya
veterinary,shifting of the street dogs to other places,Kodigehalli
Town Planning,Delay in issuing building permit,Newthippasandra
veterinary,shifting of the street dogs to other places,HAL Airport
veterinary,Illegal pet shop / Animal cruelty / license check,Hagadooru
E khata / Khata services,Other Khata / ekhata issues,Marappana Palya
Health Dept,Dengue positive,Nayandanahalli
Town Planning,UnAuthorised Building Constructions,Rajamahal
Town Planning,Construction not done as per approved plan (Building Bye Law Violations),Singasandra
E khata / Khata services,Ekhata missing in online,Moodalapalya
Parks and Play grounds,Environmental protection,Doddanekkundi
E khata / Khata services,Do not issue ekhata,Marathalli
Revenue Department,Unable to generate the property tax challan,Hegganahalli
E khata / Khata services,Do not issue ekhata,Hemmigepura
E khata / Khata services,Do not issue ekhata,Hongasandra
E khata / Khata services,Do not issue ekhata,Thanisandra
Plastic,Use of banned single use plastic,Kempegowda Ward
Road Maintenance(Engg),Road cutting,Basaveshwara Nagar
Lakes,Lake water misused,Byatarayanapura
Solid Waste (Garbage) Related,Dead animal(s),Shakthiganapathi Nagar
Solid Waste (Garbage) Related,Garbage dumping in vacant sites,Hosahalli
E khata / Khata services,Technical Issue In Ekhata,Anjanapur
Revenue Department,Others (JC),Katriguppe
Health Dept,Fogging,Shakthiganapathi Nagar
Road Maintenance(Engg),footpath encroachment,Aramane Nagar
Road Maintenance(Engg),Footpath,Aramane Nagar
Water Crisis,Water related issue,Basavanagudi
Electrical,Park Lights Not Working,Bilekahalli
Revenue Department,Unable to generate the property tax challan,Kempapura Agrahara
Road Maintenance(Engg),Footpath,Koramangala
veterinary,Anti Rabies Vaccination of stray dogs,Subedarapalya
Electrical,Open Electrical Junction Box,Sampangiram Nagar
Electrical,Street Lights Switched On During Day Time,Gandhi Nagar
Advertisement,Unsafe Hoardings,Hosakerehalli
Health Dept,Birth & Death Registration,Cottonpet
Electrical,Earthing Issue relate to Electric Poles/Panel Boards,Begur
veterinary,shifting of the street dogs to other places,Basaveshwara Nagar
veterinary,Stray/Rabid dog bite,Jayachamarajendra Nagar
Health Dept,Air/Noise pollution,Jakkasandra
Electrical,Earthing Issue relate to Electric Poles/Panel Boards,Doddanekkundi
Health Dept,Unhygienic premises in Hotel etc,Konanakunte
Health Dept,Fogging,Jogupalya
Parks and Play grounds,Environmental protection,Hemmigepura
Electrical division please contact +91 94806 88530,Shankar Murthy/HS,,
Health Dept,Fogging,Dayananda Nagar
Road Maintenance(Engg),UnAuthorised Constructions,Moodalapalya
Parks and Play grounds,Issues Related to Parks/Medians/Circles/Island.,Devasandra
Sanitation,No water supply in public toilet(s),Garudacharpalya
E khata / Khata services,Technical Issue In Ekhata,Nagarabhavi
I kindly request that my complaint be reopened and addressed at the earliest,GOVINDARAJU.V/ACF,,
veterinary,Stray cattle related complaints,Ullalu
Electrical,Park Lights Not Working,Lingarajapuram
Solid Waste (Garbage) Related,Burning of Garbage in Open Space,Basavanagudi
veterinary,Request for New feeder Points,Bellandur
it must be treated.,Smt Jahanar Ameer/VI,,
veterinary,Animal Rescue - Not well - Requires attention,Basavanagudi
Lakes,Lake fencing damaged,Basavanapura
veterinary,Animal Cruelty/Relocated,Subramanya Nagar
Road Infrastructure,Road Infrastructure,Lingarajapuram
Lakes,Lake fencing damaged,Singasandra
Revenue Department,Others (JC),Shettyhalli
Solid Waste (Garbage) Related,Garbage dumping in vacant sites,Maruthi Seva Nagar
Forest,Issues related Snakes/Birds/Monkeys,Begur
Storm  Water Drain(SWD),Sewerage water left in SWD,K.R.Puram
Road Maintenance(Engg),Footpath,Maruthi Seva Nagar
Lakes,Dying of fishes in lake,Hoodi
Solid Waste (Garbage) Related,Segregation of waste is not done,Hampi Nagar
Storm  Water Drain(SWD),Sewerage water left in SWD,Vidyapeetha
Property Tax services,Unable to generate receipt after property tax payment,Ullalu
Advertisement,Unsafe Hoardings,Sri Nagar
Optical Fiber Cables (OFC),Without permission digging of road,Hemmigepura
Solid Waste (Garbage) Related,Garbage transfer not as per norms & area not kept clean,Sri Rammandira
Solid Waste (Garbage) Related,Segregation of waste is not done,Sampangiram Nagar
veterinary,Dog, cat Poor conditions / Breeding license validation,Basavanagudi
Solid Waste (Garbage) Related,Public dustbins not cleaned,Yelachenahalli
Storm  Water Drain(SWD),Garbage thrown in storm water drain,Bagalagunte
Storm  Water Drain(SWD),Garbage thrown in storm water drain,Attiguppe
Call Center,others,Shanthala Nagar
Solid Waste (Garbage) Related,Garbage nuisance while transporting,HBR Layout
Electrical,Park Lights Not Working,Begur
Storm  Water Drain(SWD),Garbage thrown in storm water drain,Laggere
Solid Waste (Garbage) Related,Sweeping not done,Jaraganahalli
veterinary,Animal birth control/neutering of stray dogs,Nandini Layout
Road Maintenance(Engg),Footpath,Lingarajapuram
Parks and Play grounds,Play Grounds,A.Narayanapura
Solid Waste (Garbage) Related,Public dustbins not cleaned,Cottonpet
Solid Waste (Garbage) Related,Burning of Garbage in Open Space,HAL Airport
Health Dept,Spraying,J.P.Nagar
Solid Waste (Garbage) Related,Garbage nuisance while transporting,Chalavadipalya
E khata / Khata services,Ekhata Area Correction,Uttarahalli
Electrical,Earthing Issue relate to Electric Poles/Panel Boards,Jayangar
Road Maintenance(Engg),footpath encroachment,Jakkasandra
Lakes,Sewage inflow to lake,Peenya Industrial Area
Revenue Department,Others (JC),Garudacharpalya
Revenue Department,Unable to generate the property tax challan,Dr.Rajkumar Ward
Lakes,Lake not maintained properly,Dodda Bidarkallu
Forest,Issues related Snakes/Birds/Monkeys,Subedarapalya
Town Planning,Construction not done as per approved plan (Building Bye Law Violations),Chamrajpet
Electrical,Park Lights Not Working,Shettyhalli
Traffic Engineer Cell (TEC),TEC,Nandini Layout
Road Maintenance(Engg),water leakage on road,Marenahalli
veterinary,Stray/Rabid dog bite,Gurappanapalya
veterinary,Animal Rescue - Not well - Requires attention,Gangenahalli
Health Dept,Unhygienic premises in Hotel etc,HBR Layout
veterinary,Animal Cruelty/Relocated,Shettyhalli
veterinary,Animal Cruelty/Relocated,Gayathri Nagar
Parks and Play grounds,Gym/Children Play equipment in the parks,Bommanahalli
Road Maintenance(Engg),water stagnation,Shakthiganapathi Nagar
Solid Waste (Garbage) Related,Garbage nuisance while transporting,Ullalu
Forest,Issues related Snakes/Birds/Monkeys,Hemmigepura
Solid Waste (Garbage) Related,Burning of Garbage in Open Space,Chokkasandra
veterinary,Anti Rabies Vaccination of stray dogs,Kumaraswamy Layout
Road Maintenance(Engg),Footpath,Banashankari Temple Ward
Solid Waste (Garbage) Related,Complaint against SW collector/ SWM official for violation of SWM Rules,Sunkenahalli
veterinary,Animal birth control/neutering of stray dogs,Bharathi Nagar
Revenue Department,Khata Services (Registration, Transfer, Bifurcation and Amalgamation),Yelachenahalli
Advertisement,Flex and banners,Padmanabha Nagar
Sanitation,Urination in Public/Open Defecation,Vignana Nagar
Health Dept,Fogging,Maruthi Seva Nagar
Electrical,Park Lights Not Working,Kodigehalli
Solid Waste (Garbage) Related,Sweeping not done,Adugodi
Solid Waste (Garbage) Related,Segregation of waste is not done,Kadugodi
Health Dept,Spraying,Yelahanka old Satellite Town
Electrical,Requirement For New Street Lights,Kushal Nagar
Solid Waste (Garbage) Related,Burning of Garbage in Open Space,Giri Nagar
Electrical,Street Lights Switched On During Day Time,Jayangar
Road Maintenance(Engg),Road side drains,Muneshwara Nagar
Lakes,Sewage inflow to lake,Hoodi
veterinary,Fatally injured - Needs immediate attention,Rajaji Nagar
Indira Canteen,Food Quality,Bagalagunte
Sanitation,Public toilet(s) blockage,Malleshwaram
veterinary,Stray/Rabid dog bite,Shakthiganapathi Nagar
veterinary,Street dogs attacking-pet Dogs,Puttenahalli
Markets,Encroachment,Konanakunte
Advertisement,Flex and banners,Horamavu
Road Maintenance(Engg),Road side drains,Hanumantha Nagar
veterinary,Street dog Adaptation process details,Chowdeshwari Ward
veterinary,Pet dog licence,Ramamurthy Nagar
Town Planning,Construction not done as per approved plan (Building Bye Law Violations),Kodigehalli
Solid Waste (Garbage) Related,Garbage transfer not as per norms & area not kept clean,Anjanapur
Road Maintenance(Engg),Overhanging cables,Varthur
Solid Waste (Garbage) Related,Public dustbins not cleaned,Someshwara
Town Planning,Construction not done as per approved plan (Building Bye Law Violations),Chowdeshwari Ward
Forest,Removal of dead/fallen trees,Subramanya Nagar
this BBMP SAHAYA is not at all effective and completely useless.,Narendra Babu/RFO,,
Health Dept,Spraying,Kodigehalli
Solid Waste (Garbage) Related,Public dustbins not cleaned,Doddanekkundi
Property Tax services,Other property tax issues,Hemmigepura
Electrical,Open Electrical Junction Box,HBR Layout
Road Maintenance(Engg),water stagnation,Chowdeshwari Ward
Storm  Water Drain(SWD),Maintenance of SWD,Ganeshmandira Ward
Storm  Water Drain(SWD),Maintenance of SWD,Muneshwara Nagar
Forest,obstructions Branches / Trees.,Marathalli
Road Maintenance(Engg),water stagnation,Sanjay Nagar
Town Planning,Delay in issuing building permit,Kamakshipalya
Parks and Play grounds,Environmental protection,Nagapura
Electrical,Requirement For New Street Lights,Deepanjali Nagar
Solid Waste (Garbage) Related,Garbage nuisance while transporting,Byatarayanapura
Electrical,Street Lights Switched On During Day Time,Jogupalya
Parks and Play grounds,Issues Related to Parks/Medians/Circles/Island.,Bommanahalli
Road Maintenance(Engg),Footpath,Nagavara
veterinary,Dog bite pet dog,Konanakunte
Solid Waste (Garbage) Related,Garbage nuisance while transporting,Jakkur
veterinary,Animal Cruelty/Ill-Treated / Abused,Garudacharpalya
Parks and Play grounds,Play Grounds,Shankaramata
veterinary,Awareness session / Request for a session,Jakkur
Information Technology,Others(Technical or Software Issues),Bapuji Nagar
Solid Waste (Garbage) Related,Segregation of waste is not done,Singasandra
Indira Canteen,Food Quality,Rayapuram
Solid Waste (Garbage) Related,Complaint against SW collector/ SWM official for violation of SWM Rules,Basaveshwara Nagar
Solid Waste (Garbage) Related,Complaint against SW collector/ SWM official for violation of SWM Rules,Hegganahalli
Solid Waste (Garbage) Related,Burning of Garbage in Open Space,Herohalli
Sanitation,Public toilet(s) blockage,Yeshwanthpur
Health Dept,Indira Canteen,Hagadooru
Parks and Play grounds,Issues Related to Parks/Medians/Circles/Island.,Aramane Nagar
Health Dept,Unhygienic premises in Hotel etc,C.V.Raman Nagar
Road Maintenance(Engg),Street Light Not Working,Banaswadi
Road Maintenance(Engg),Road cutting,Shakthiganapathi Nagar
Health Dept,Air/Noise pollution,Sri Rammandira
Town Planning,UnAuthorised Building Constructions,Vidyaranyapura
Revenue Department,Khata Services (Registration, Transfer, Bifurcation and Amalgamation),Jeevanbhima Nagar
Solid Waste (Garbage) Related,Garbage vehicle not arrived,Lakshmidevi Nagar
Solid Waste (Garbage) Related,Garbage vehicle not arrived,Rayapuram
Health Dept,Unhygienic  premises in hospital,Hosahalli
Lakes,Lake gates are not opened as per the prescribed timing,Bellandur
Health Dept,Air/Noise pollution,Benniganahalli
Health Dept,Dengue positive,Ramaswamy Palya
Solid Waste (Garbage) Related,Burning of Garbage in Open Space,Hosakerehalli
Markets,Trade License,Uttarahalli
Road Maintenance(Engg),footpath encroachment,Rayapuram
Solid Waste (Garbage) Related,Public dustbins not cleaned,Pattabhiram Nagar
Town Planning,Construction not done as per approved plan (Building Bye Law Violations),Subedarapalya
Solid Waste (Garbage) Related,Public dustbins not cleaned,Kempegowda Ward
Optical Fiber Cables (OFC),Without permission digging of road,Mangammanapalya
Town Planning,UnAuthorised Building Constructions,Binnipet
veterinary,Animal Cruelty/Relocated,HBR Layout
Advertisement,Flex and banners,Kumaraswamy Layout
veterinary,Anti Rabies Vaccination of stray dogs,Chikkalasandra
veterinary,Animal birth control/neutering of stray dogs,Okalipuram
Markets,Encroachment,Uttarahalli
Indira Canteen,Cleanliness,Ramaswamy Palya
Parks and Play grounds,Issues Related to Parks/Medians/Circles/Island.,Bapuji Nagar
Sanitation,No water supply in public toilet(s),Gottigere
Road Maintenance(Engg),Road cutting,Hegganahalli
veterinary,Animal birth control/neutering of stray dogs,Kempapura Agrahara
veterinary,Animal birth control/neutering of stray dogs,Subramanya Nagar
Others,Others,Lakkasandra
Lakes,Lake gates are not opened as per the prescribed timing,Dodda Bidarkallu
veterinary,Stray/Rabid dog bite,Mathikere
Others,Others,Sagayapuram
Health Dept,Spraying,Maruthi Seva Nagar
Solid Waste (Garbage) Related,Burning of Garbage in Open Space,Padarayanapura
Solid Waste (Garbage) Related,Garbage transfer not as per norms & area not kept clean,Doddabommasandra
Parks and Play grounds,Issues Related to Parks/Medians/Circles/Island.,Sarakki
Electrical,Street Lights Switched On During Day Time,T-Dasarahalli
veterinary,Animal caught disease post surgery,Anjanapur
Revenue Department,Discrepancy In Khata Certificate and Khata Extract,Vidyapeetha
Electrical,Open Electrical Junction Box,Mangammanapalya
Revenue Department,Others (JC),Kodigehalli
Health Dept,Air/Noise pollution,Prakash Nagar
Sanitation,Urination in Public/Open Defecation,Basavanapura
E khata / Khata services,ekhata approval pending with ARO,Rayapuram
veterinary,Stray/Rabid dog bite,Sarvagna Nagar
Parks and Play grounds,Environmental protection,HSR Layout
Health Dept,Unhygienic premises in Hotel etc,Vidyaranyapura
Solid Waste (Garbage) Related,Garbage dumping in vacant sites,Doddabommasandra
Town Planning,Noise during Building Construction,Someshwara
Solid Waste (Garbage) Related,Garbage nuisance while transporting,Gurappanapalya
E khata / Khata services,new Khata / Ekhata registration / creation,K.R.Puram
veterinary,Stray cattle related complaints,Byatarayanapura
Town Planning,Construction not done as per approved plan (Building Bye Law Violations),Jalahalli
Electrical,Requirement For New Street Lights,T-Dasarahalli
Sanitation,Urination in Public/Open Defecation,Madiwala
Solid Waste (Garbage) Related,Garbage nuisance while transporting,Jeevanbhima Nagar
Markets,Illegal Parking,Uttarahalli
veterinary,Animal Death Need cremartion support,Hemmigepura
Health Dept,Spraying,BTM Layout
Revenue Department,Unable to Generate the receipt after property tax payment.,Azad Nagar
Indira Canteen,Others,Maruthi Seva Nagar
Electrical,Earthing Issue relate to Electric Poles/Panel Boards,Mangammanapalya
Solid Waste (Garbage) Related,Sweeping not done,Devarajeevanahalli
Revenue Department,Discrepancy In Khata Certificate and Khata Extract,K.R.Market
Road Maintenance(Engg),Road cutting,Garudacharpalya
Revenue Department,Others (JC),Madiwala
CORONA COVID19,Stockout,Chikpete
Revenue Department,Others (JC),Ganeshmandira Ward
Revenue Department,Others (JC),Giri Nagar
veterinary,Stray dog related complaints,Banashankari Temple Ward
Forest,obstructions Branches / Trees.,K.R.Market
Parks and Play grounds,Inspection not done,Banaswadi
Parks and Play grounds,Environmental protection,Banaswadi
Health Dept,Indira Canteen,Vasanth Nagar
Parks and Play grounds,Environmental protection,Arakere
Indira Canteen,Staff Related,Arakere
Road Maintenance(Engg),water leakage on road,Devasandra
Forest,obstructions Branches / Trees.,Gali Anjaneya Swamy Temple Ward
Electrical,Street Lights Switched On During Day Time,HAL Airport
E khata / Khata services,ekhata approval pending with ARO,Madiwala
Sanitation,Public toilet(s) blockage,Singasandra
Road Maintenance(Engg),Overhanging cables,Bommanahalli
Revenue Department,Unable to generate the property tax challan,A.Narayanapura
Road Maintenance(Engg),Road side drains,Kaveripura
Parks and Play grounds,Gym/Children Play equipment in the parks,Lakkasandra
Sanitation,Public toilet(s) cleaning,Gottigere
Advertisement,Flex and banners,K.R.Market
Sanitation,Public toilet(s) blockage,Begur
Road Maintenance(Engg),UnAuthorised Constructions,Deepanjali Nagar
Road Maintenance(Engg),Road cutting,Ganeshmandira Ward
Solid Waste (Garbage) Related,Burning of Garbage in Open Space,Hegganahalli
veterinary,Request for New feeder Points,Koramangala
E khata / Khata services,Other Khata / ekhata issues,Ganeshmandira Ward
Indira Canteen,Others,Kavalbyrasandra
Solid Waste (Garbage) Related,Burning of Garbage in Open Space,Domlur
Sanitation,Urination in Public/Open Defecation,Hongasandra
veterinary,Animal caught disease post surgery,Jaraganahalli
Town Planning,UnAuthorised Building Constructions,Chamrajpet
Property Tax services,Issues in property tax portal,Maruthi Mandira Ward
Road Maintenance(Engg),Road cutting,J.P.Nagar
Advertisement,Flex and banners,Nagapura
E khata / Khata services,Other Khata / ekhata issues,Kuvempu Nagar
Road Maintenance(Engg),Road cutting,Mathikere
Road Maintenance(Engg),footpath encroachment,Hosakerehalli
veterinary,Animal caught disease post surgery,T-Dasarahalli
E khata / Khata services,Other Khata / ekhata issues,Devasandra
Solid Waste (Garbage) Related,Burning of Garbage in Open Space,Padmanabha Nagar
Town Planning,Construction not done as per approved plan (Building Bye Law Violations),Konena Agrahara
Road Maintenance(Engg),UnAuthorised Constructions,Bapuji Nagar
Property Tax services,Other property tax issues,K.R.Puram
Storm  Water Drain(SWD),Maintenance of SWD,Ramaswamy Palya
Water Crisis,Water related issue,Kuvempu Nagar
veterinary,Stray cattle related complaints,Puttenahalli
E khata / Khata services,ekhata approval pending with ARO,Cottonpet
the citizen gives an online request that his khata is not there in e Aasthi system,once the ARO give an endorsement that such katha entry does not in our books then the citizen can upload that endorsement in New Khata system and apply new khata,B Rajappa/ARO,
Health Dept,Dengue positive,Marappana Palya
Indira Canteen,Others,HAL Airport
Parks and Play grounds,Play Grounds,Shanthi Nagar
Electrical,Open Electrical Junction Box,Konena Agrahara
Parks and Play grounds,Gym/Children Play equipment in the parks,Katriguppe
Road Maintenance(Engg),footpath encroachment,Nagapura
Markets,Encroachment,J.P.Nagar
Solid Waste (Garbage) Related,Burning of Garbage in Open Space,Vidyaranyapura
Revenue Department,Khata Services (Registration, Transfer, Bifurcation and Amalgamation),Bagalagunte
Revenue Department,Khata Services (Registration, Transfer, Bifurcation and Amalgamation),Maruthi Seva Nagar
Traffic Engineer Cell (TEC),TEC,Shanthala Nagar
E khata / Khata services,Technical Issue In Ekhata,Vijanapura
Advertisement,Flex and banners,Lingarajapuram
Revenue Department,Unable to generate the property tax challan,Nayandanahalli
Sanitation,Urination in Public/Open Defecation,Shiva Nagar
Road Maintenance(Engg),Road cutting,Moodalapalya
Advertisement,Flex and banners,Basavanagudi
Solid Waste (Garbage) Related,Burning of Garbage in Open Space,Jayangar
Sanitation,Public toilet(s) blockage,Chikkalasandra
Parks and Play grounds,Gym/Children Play equipment in the parks,Byrasandra
Health Dept,Air/Noise pollution,Attiguppe
Road Maintenance(Engg),Debris Removal / Construction Material,Binnipet
Others,Others,Vrushabhavati Nagar
Road Maintenance(Engg),Potholes,K.R.Market
Advertisement,Flex and banners,Subhash Nagar
CORONA COVID19,Some other person affected from COVID,Vasanthapura
BBMP Election Branch,Epic Details Corrections,Vasanthapura
BBMP Election Branch,Electoral Roll Objections,Vasanthapura
Health Dept,Birth & Death Registration,Vasanthapura
Solid Waste (Garbage) Related,Burning of Garbage in Open Space,Kammanahalli
Electrical,Park Lights Not Working,Nandini Layout
Revenue Department,Unable to generate the property tax challan,K.R.Puram
Sanitation,Urination in Public/Open Defecation,Dayananda Nagar
Plastic,Use of banned single use plastic,Ramamurthy Nagar
Health Dept,Spraying,Dayananda Nagar
Solid Waste (Garbage) Related,Public dustbins not cleaned,Kavalbyrasandra
Storm  Water Drain(SWD),Garbage thrown in storm water drain,Bapuji Nagar
Optical Fiber Cables (OFC),Without permission digging of road,Hebbal
Road Maintenance(Engg),Footpath,Malleshwaram
Revenue Department,Khata Services (Registration, Transfer, Bifurcation and Amalgamation),Marenahalli
Road Maintenance(Engg),Road side drains,Vrushabhavati Nagar
Markets,Encroachment,Sarakki
Water Crisis,Water related issue,Pulikeshi Nagar
Forest,obstructions Branches / Trees.,Lakshmidevi Nagar
Road Maintenance(Engg),Footpath,Kammanahalli
E khata / Khata services,Other Khata / ekhata issues,Vasanth Nagar
Solid Waste (Garbage) Related,Dead animal(s),Hosakerehalli
E khata / Khata services,new Khata / Ekhata registration / creation,Bellandur
Road Maintenance(Engg),Potholes,Azad Nagar
Health Dept,Spraying,Ramaswamy Palya
Lakes,Sewage inflow to lake,Bommanahalli
Others,Others,Doddabommasandra
Forest,Issues related Snakes/Birds/Monkeys,K.R.Puram
Parks and Play grounds,Issues Related to Parks/Medians/Circles/Island.,Marathalli
veterinary,Animal Death Need cremartion support,Singasandra
Electrical,Street Lights Switched On During Day Time,A.Narayanapura
Solid Waste (Garbage) Related,Dead animal(s),Sri Nagar
Solid Waste (Garbage) Related,Garbage nuisance while transporting,Doddanekkundi
Town Planning,Noise during Building Construction,Bilekahalli
Electrical,Park Lights Not Working,Newthippasandra
Road Maintenance(Engg),UnAuthorised Constructions,Benniganahalli
Forest,obstructions Branches / Trees.,Chalavadipalya
Electrical,Park Lights Not Working,Sarakki
Forest,Issues related Snakes/Birds/Monkeys,Hoysala Nagar
Health Dept,Zonal Violation of the Building,Horamavu
Parks and Play grounds,Gym/Children Play equipment in the parks,Hoysala Nagar
Revenue Department,Khata Services (Registration, Transfer, Bifurcation and Amalgamation),Nandini Layout
Health Dept,Dengue positive,K.R.Market
Road Infrastructure,Road Infrastructure,Marappana Palya
Advertisement,Flex and banners,Sudam Nagar
Town Planning,Noise during Building Construction,Arakere
Electrical,Street Lights Switched On During Day Time,Malleshwaram
Road Maintenance(Engg),Overhanging cables,Jayangar
Health Dept,Air/Noise pollution,Radhakrishna Temple
Solid Waste (Garbage) Related,Burning of Garbage in Open Space,Ullalu
Optical Fiber Cables (OFC),Without permission digging of road,Dharmarayaswamy Temple Ward
Others,Others,Chamrajpet
Solid Waste (Garbage) Related,Garbage nuisance while transporting,Vignana Nagar
Health Dept,Dengue positive,Kodigehalli
Forest,Issues related Snakes/Birds/Monkeys,Subramanya Nagar
veterinary,Mutton/Chicken/fish stall Unhygienic maintenance,Byatarayanapura
Storm  Water Drain(SWD),Maintenance of SWD,Attiguppe
Solid Waste (Garbage) Related,Garbage nuisance while transporting,Shanthi Nagar
Parks and Play grounds,Play Grounds,Herohalli
Sanitation,Public toilet(s) cleaning,Adugodi
Water Crisis,Water related issue,Kumaraswamy Layout
Road Maintenance(Engg),UnAuthorised Constructions,HBR Layout
Solid Waste (Garbage) Related,Garbage transfer not as per norms & area not kept clean,Basaveshwara Nagar
Solid Waste (Garbage) Related,Public dustbins not cleaned,Hebbal
Solid Waste (Garbage) Related,Dead animal(s),Koramangala
Electrical,Park Lights Not Working,Shiva Nagar
Electrical,Park Lights Not Working,Singasandra
Traffic Engineer Cell (TEC),TEC,Banaswadi
Health Dept,Zonal Violation of the Building,BTM Layout
Advertisement,Unsafe Hoardings,Shakambari Nagar
Solid Waste (Garbage) Related,Burning of Garbage in Open Space,Attiguppe
Welfare Schemes,Women Welfare Program,Jogupalya
Road Maintenance(Engg),Debris Removal / Construction Material,Mallasandra
E khata / Khata services,Other Khata / ekhata issues,Doddabommasandra
veterinary,Animal Rescue - Not well - Requires attention,Padarayanapura
Town Planning,UnAuthorised Building Constructions,J.P.Park
Call Center,Call center Issues,Hemmigepura
Revenue Department,Others (JC),Subedarapalya
Sanitation,Urination in Public/Open Defecation,K.R.Market
Revenue Department,Unable to Generate the receipt after property tax payment.,Malleshwaram
Information Technology,Others(Technical or Software Issues),Koramangala
Storm  Water Drain(SWD),Sewerage water left in SWD,Marappana Palya
veterinary,shifting of the street dogs to other places,Rajagopala Nagar
veterinary,Dog, cat Poor conditions / Breeding license validation,BTM Layout
veterinary,Animal Rescue - Not well - Requires attention,Ganga Nagar
Property Tax services,Unable to generate receipt after property tax payment,Newthippasandra
Health Dept,Increase in mosquito density,Sampangiram Nagar
Revenue Department,Khata Services (Registration, Transfer, Bifurcation and Amalgamation),Chowdeshwari Ward
Solid Waste (Garbage) Related,Burning of Garbage in Open Space,Binnipet
Forest,Issues related Snakes/Birds/Monkeys,Sri Rammandira
Road Maintenance(Engg),footpath encroachment,Moodalapalya
Storm  Water Drain(SWD),Garbage thrown in storm water drain,Hosahalli
E khata / Khata services,Ekhata missing in online,Anjanapur
veterinary,Pet dog licence,A.Narayanapura
Solid Waste (Garbage) Related,Complaint against SW collector/ SWM official for violation of SWM Rules,Kadugondanahalli
Storm  Water Drain(SWD),Maintenance of SWD,Konanakunte
Electrical,Street Lights Switched On During Day Time,Puttenahalli
veterinary,Stray/Rabid dog bite,Vasanth Nagar
Others,Others,Katriguppe
Solid Waste (Garbage) Related,Segregation of waste is not done,Someshwara
veterinary,Animal caught disease post surgery,Doddanekkundi
Health Dept,Spraying,Horamavu
Health Dept,Increase in mosquito density,Ramaswamy Palya
Electrical,Earthing Issue relate to Electric Poles/Panel Boards,Nagavara
Parks and Play grounds,Play Grounds,Rajaji Nagar
veterinary,Stray/Rabid dog bite,Maruthi Seva Nagar
Revenue Department,Khata Services (Registration, Transfer, Bifurcation and Amalgamation),Shanthi Nagar
Others,Others,Kushal Nagar
Parks and Play grounds,Environmental protection,Kottigepalya
veterinary,Animal Rescue - Not well - Requires attention,Vasanth Nagar
Electrical,Open Electrical Junction Box,Newthippasandra
E khata / Khata services,Technical Issue In Ekhata,Vidyaranyapura
Road Maintenance(Engg),footpath encroachment,Vannarpet
Revenue Department,Others (JC),Maruthi Seva Nagar
Road Maintenance(Engg),Debris Removal / Construction Material,Jagajeevanram Nagar
Bommanahalli,Shankar Murthy/HS,,
Revenue Department,Others (JC),Hoodi
Storm  Water Drain(SWD),Maintenance of SWD,Hongasandra
Revenue Department,Others (JC),Byrasandra
Health Dept,Air/Noise pollution,Vijay Nagar
veterinary,Animal Rescue - Not well - Requires attention,Attiguppe
Town Planning,Construction not done as per approved plan (Building Bye Law Violations),Aramane Nagar
Electrical,Open Electrical Junction Box,Jayamahal
veterinary,Animal Death Need cremartion support,Begur
Solid Waste (Garbage) Related,Garbage nuisance while transporting,Jagajeevanram Nagar
Advertisement,Flex and banners,Domlur
Parks and Play grounds,Play Grounds,BTM Layout
Solid Waste (Garbage) Related,Complaint against SW collector/ SWM official for violation of SWM Rules,Herohalli
Solid Waste (Garbage) Related,Public dustbins not cleaned,Vidyaranyapura
Health Dept,Air/Noise pollution,Ulsoor
Health Dept,Fogging,Mallasandra
Health Dept,Zonal Violation of the Building,Pattabhiram Nagar
Road Maintenance(Engg),Potholes,Ulsoor
Health Dept,Dengue positive,HBR Layout
Health Dept,Dengue positive,Cottonpet
Health Dept,Unhygienic premises in Hotel etc,Shakthiganapathi Nagar
Forest,Issues related Snakes/Birds/Monkeys,Jakkur
Electrical,Requirement For New Street Lights,Siddapura
CORONA COVID19,Overcharging,Sampangiram Nagar
E khata / Khata services,Other Khata / ekhata issues,Yelahanka old Satellite Town
if not call to me 9448731722,Shankar Murthy/HS,,
Water Crisis,Water related issue,Dr.Rajkumar Ward
veterinary,Pet dog licence,Horamavu
Water Crisis,Water related issue,Radhakrishna Temple
Solid Waste (Garbage) Related,Public dustbins not cleaned,Ejipura
Road Maintenance(Engg),Road side drains,Chamrajpet
E khata / Khata services,Other Khata / ekhata issues,Gandhi Nagar
Health Dept,Air/Noise pollution,BTM Layout
Projects Central,Potholes,Koramangala
Solid Waste (Garbage) Related,Garbage transfer not as per norms & area not kept clean,Chikkalasandra
E khata / Khata services,Other Khata / ekhata issues,Mangammanapalya
E khata / Khata services,Ekhata missing in online,Ejipura
E khata / Khata services,new Khata / Ekhata registration / creation,Jeevanbhima Nagar
Electrical,Street Lights Switched On During Day Time,Shanthi Nagar
Electrical,Street Lights Switched On During Day Time,Rajamahal
Health Dept,Air/Noise pollution,Jayamahal
Health Dept,Fogging,Muneshwara Nagar
veterinary,Stray/Rabid dog bite,Jagajeevanram Nagar
Traffic Engineer Cell (TEC),TEC,Koramangala
Sanitation,No water supply in public toilet(s),Jnanabharathi Ward
Health Dept,Unhygienic premises in Hotel etc,Nagavara
Others,Others,Nagavara
Road Maintenance(Engg),Potholes,S.K.Garden
Road Maintenance(Engg),Road cutting,Yadiyuru
veterinary,shifting of the street dogs to other places,A.Narayanapura
Road Maintenance(Engg),water leakage on road,Subedarapalya
Storm  Water Drain(SWD),Maintenance of SWD,Katriguppe
veterinary,Animal Death Need cremartion support,Vidyaranyapura
Health Dept,Dengue positive,Agaram
Health Dept,Dengue positive,Shiva Nagar
Revenue Department,Unable to generate the property tax challan,Marenahalli
Road Maintenance(Engg),water leakage on road,Nagavara
Sanitation,Public toilet(s) blockage,Sampangiram Nagar
Electrical,Open Electrical Junction Box,H.M.T
Solid Waste (Garbage) Related,Garbage transfer not as per norms & area not kept clean,Sarvagna Nagar
Road Maintenance(Engg),Potholes,Gangenahalli
Forest,obstructions Branches / Trees.,Rayapuram
Revenue Department,Discrepancy In Khata Certificate and Khata Extract,Rajaji Nagar
veterinary,Anti Rabies Vaccination of stray dogs,Bapuji Nagar
Health Dept,Fogging,Sudduguntepalya
veterinary,Stray/Rabid dog bite,Bilekahalli
Call Center,others,Dharmarayaswamy Temple Ward
veterinary,Stray dog related complaints,Maruthi Seva Nagar
Traffic Engineer Cell (TEC),TEC,Kadugodi
Road Maintenance(Engg),footpath encroachment,S.K.Garden
Solid Waste (Garbage) Related,Complaint against SW collector/ SWM official for violation of SWM Rules,Chamrajpet
Storm  Water Drain(SWD),Sewerage water left in SWD,Devasandra
Health Dept,Birth & Death Registration,Malleshwaram
Electrical,Park Lights Not Working,Herohalli
Electrical,Street Lights Switched On During Day Time,Jayamahal
Sanitation,Public toilet(s) blockage,Nagavara
Electrical,Park Lights Not Working,Basavanapura
Electrical,Earthing Issue relate to Electric Poles/Panel Boards,Gandhi Nagar
Markets,Trade License,Jaraganahalli
Solid Waste (Garbage) Related,Dead animal(s),Vrushabhavati Nagar
Parks and Play grounds,Gym/Children Play equipment in the parks,Hampi Nagar
Town Planning,UnAuthorised Building Constructions,Kempegowda Ward
veterinary,Dog bite pet dog,Dodda Bidarkallu
Road Maintenance(Engg),footpath encroachment,Nandini Layout
Traffic Engineer Cell (TEC),TEC,Nagarabhavi
Information Technology,App Related Issues,Gandhi Nagar
Information Technology,Others(Technical or Software Issues),Subramanya Nagar
E khata / Khata services,new Khata / Ekhata registration / creation,Jnanabharathi Ward
Water Crisis,Water related issue,Chikpete
E khata / Khata services,eKhata - name Mismatch,Thanisandra
Solid Waste (Garbage) Related,Burning of Garbage in Open Space,Devasandra
Road Maintenance(Engg),Road cutting,Attiguppe
Solid Waste (Garbage) Related,Garbage nuisance while transporting,Chikkalasandra
Parks and Play grounds,Environmental protection,Sarakki
Road Maintenance(Engg),footpath encroachment,Sarakki
Advertisement,Flex and banners,Ullalu
Information Technology,App Related Issues,Pattabhiram Nagar
you can reopen the complaint.,,
veterinary,shifting of the street dogs to other places,Vijanapura
Property Tax services,Other property tax issues,Varthur
confirmed and this complaint is closed,B K Ashwath Narayan/VI,,
Lakes,Lake fencing damaged,Kodigehalli
Indira Canteen,Food Quality,Hampi Nagar
Solid Waste (Garbage) Related,Dead animal(s),Dr.Rajkumar Ward
Sanitation,Urination in Public/Open Defecation,HAL Airport
E khata / Khata services,Ekhata missing in online,Sunkenahalli
veterinary,Dog, cat Poor conditions / Breeding license validation,Attiguppe
E khata / Khata services,Khata / Ekhata mutation / transfer,Kodigehalli
Water Crisis,Water related issue,Byrasandra
Electrical,Open Electrical Junction Box,Radhakrishna Temple
veterinary,Stray dog related complaints,Dattathreya Temple
Health Dept,Air/Noise pollution,Dharmarayaswamy Temple Ward
veterinary,Animal caught disease post surgery,Uttarahalli
Road Maintenance(Engg),footpath encroachment,Vidyapeetha
Sanitation,Public toilet(s) blockage,Chalavadipalya
Solid Waste (Garbage) Related,Garbage nuisance while transporting,Rajaji Nagar
Sanitation,Public toilet(s) blockage,Jakkur
Road Maintenance(Engg),footpath encroachment,Anjanapur
Projects Central,Road furnitures,Rajarajeshwari Nagar
Road Maintenance(Engg),footpath encroachment,Ejipura
Storm  Water Drain(SWD),Maintenance of SWD,Chowdeshwari Ward
veterinary,Pet dog licence,Marenahalli
Town Planning,Construction not done as per approved plan (Building Bye Law Violations),Marappana Palya
Water Crisis,Water related issue,Chalavadipalya
Electrical,Street Lights Switched On During Day Time,Bommanahalli
Parks and Play grounds,Gym/Children Play equipment in the parks,Hemmigepura
We will do repair work first and then we will do the replacement work,Shankar Murthy/HS,,
We will do the repair work first and then take up replacement work,Shankar Murthy/HS,,
Solid Waste (Garbage) Related,Complaint against SW collector/ SWM official for violation of SWM Rules,Singasandra
Town Planning,Construction not done as per approved plan (Building Bye Law Violations),HBR Layout
Call Center,Call center Issues,Vasanthapura
Road Maintenance(Engg),Footpath,Adugodi
E khata / Khata services,Do not issue ekhata,Ramamurthy Nagar
Road Maintenance(Engg),UnAuthorised Constructions,Kushal Nagar
Electrical,Open Electrical Junction Box,Ullalu
Storm  Water Drain(SWD),Garbage thrown in storm water drain,Gali Anjaneya Swamy Temple Ward
Solid Waste (Garbage) Related,Complaint against SW collector/ SWM official for violation of SWM Rules,Bagalagunte
veterinary,Dog, cat Poor conditions / Breeding license validation,K.R.Market
Solid Waste (Garbage) Related,Complaint against SW collector/ SWM official for violation of SWM Rules,Nagarabhavi
veterinary,Animal birth control/neutering of stray dogs,Banashankari Temple Ward
veterinary,Stray cattle related complaints,BTM Layout
veterinary,Pet dog licence,Kadugodi
Indira Canteen,Food Quantity,Binnipet
veterinary,Animal birth control/neutering of stray dogs,Shanthala Nagar
Electrical,Street Lights Switched On During Day Time,Hosakerehalli
Indira Canteen,Staff Related,Domlur
Lakes,Lake gates are not opened as per the prescribed timing,Bilekahalli
Town Planning,Noise during Building Construction,Maruthi Mandira Ward
Road Maintenance(Engg),water leakage on road,Lakshmidevi Nagar
Solid Waste (Garbage) Related,Dead animal(s),Nandini Layout
Solid Waste (Garbage) Related,Garbage nuisance while transporting,Moodalapalya
Town Planning,UnAuthorised Building Constructions,Kuvempu Nagar
Lakes,Insufficient lake security personnel,Vasanthapura
Storm  Water Drain(SWD),Garbage thrown in storm water drain,Kottigepalya
Solid Waste (Garbage) Related,Garbage transfer not as per norms & area not kept clean,Uttarahalli
Town Planning,Noise during Building Construction,Thanisandra
Road Maintenance(Engg),Footpath,Jaraganahalli
Solid Waste (Garbage) Related,Burning of Garbage in Open Space,Manorayanapalya
Parks and Play grounds,Environmental protection,Dodda Bidarkallu
if not please call to 9448731722,Shankar Murthy/HS,,
Electrical,Street Lights Switched On During Day Time,Kacharakanahalli
Electrical,Park Lights Not Working,Ganeshmandira Ward
Property Tax services,unable to generate property tax challan,Gottigere
Road Maintenance(Engg),Potholes,Chowdeshwari Ward
Forest,Issues related Snakes/Birds/Monkeys,Ejipura
Road Maintenance(Engg),footpath encroachment,J.P.Nagar
Others,Others,Agaram
Call Center,Call center Issues,Gottigere
Estate,Encroachment,Horamavu
Projects Central,Road furnitures,Jayachamarajendra Nagar
Road Maintenance(Engg),water leakage on road,Rajamahal
veterinary,Fatally injured - Needs immediate attention,Devarajeevanahalli
Electrical,Street Lights Switched On During Day Time,Lakshmidevi Nagar
veterinary,Animal birth control/neutering of stray dogs,Maruthi Mandira Ward
Health Dept,Air/Noise pollution,J.P.Park
Electrical,Park Lights Not Working,Hombegowda Nagar
Health Dept,Air/Noise pollution,Nagapura
Road Maintenance(Engg),footpath encroachment,Devarajeevanahalli
Road Maintenance(Engg),footpath encroachment,Jalahalli
Sanitation,Urination in Public/Open Defecation,Hoodi
Water Crisis,Water related issue,Yelachenahalli
Storm  Water Drain(SWD),Sewerage water left in SWD,Dodda Bidarkallu
Electrical,Open Electrical Junction Box,Kengeri
Markets,Violation of rules by Shop rent / Leaser,Jaraganahalli
Road Maintenance(Engg),Overhanging cables,Subedarapalya
Sanitation,Public toilet(s) blockage,Bharathi Nagar
Health Dept,Zonal Violation of the Building,Chokkasandra
veterinary,Animal Rescue - Not well - Requires attention,Dr.Rajkumar Ward
Solid Waste (Garbage) Related,Dead animal(s),Lakkasandra
Indira Canteen,Water quality,Govindraja Nagara
Solid Waste (Garbage) Related,Garbage nuisance while transporting,Varthur
veterinary,Anti Rabies Vaccination of stray dogs,Ramaswamy Palya
E khata / Khata services,Khata / Ekhata mutation / transfer,Jeevanbhima Nagar
E khata / Khata services,new Khata / Ekhata registration / creation,Hosakerehalli
Forest,Removal of dead/fallen trees,T-Dasarahalli
Solid Waste (Garbage) Related,Garbage nuisance while transporting,Banaswadi
Solid Waste (Garbage) Related,Garbage transfer not as per norms & area not kept clean,Hebbal
Electrical,Street Lights Switched On During Day Time,Vignana Nagar
E khata / Khata services,new Khata / Ekhata registration / creation,Nagavara
Solid Waste (Garbage) Related,Garbage dumping in vacant sites,Shankaramata
Information Technology,Others(Technical or Software Issues),Hoysala Nagar
veterinary,Stray cattle related complaints,Ramaswamy Palya
veterinary,Dog, cat Poor conditions / Breeding license validation,Kengeri
Electrical,Requirement For New Street Lights,Shiva Nagar
Town Planning,UnAuthorised Building Constructions,Yelahanka old Satellite Town
Health Dept,Increase in mosquito density,Kempapura Agrahara
Solid Waste (Garbage) Related,Public dustbins not cleaned,Kengeri
Health Dept,Increase in mosquito density,Chikkalasandra
Information Technology,App Related Issues,Horamavu
veterinary,Feeder Harassment by Association / Gated Community,Nagarabhavi
Town Planning,Construction not done as per approved plan (Building Bye Law Violations),Lakshmidevi Nagar
veterinary,Stray cattle related complaints,Someshwara
Electrical,Requirement For New Street Lights,Jakkasandra
veterinary,Animal Cruelty/Ill-Treated / Abused,K.R.Puram
Advertisement,Flex and banners,Marappana Palya
Health Dept,Unhygienic premises in Hotel etc,Sampangiram Nagar
Electrical,Street Lights Switched On During Day Time,Sarvagna Nagar
veterinary,Stray cattle related complaints,Manorayanapalya
Traffic Engineer Cell (TEC),TEC,Sampangiram Nagar
Call Center,Call center Issues,Dattathreya Temple
Indira Canteen,Cleanliness of Canteen /Food Area,HSR Layout
Parks and Play grounds,Issues Related to Parks/Medians/Circles/Island.,Pulikeshi Nagar
Revenue Department,Others (JC),Bagalagunte
Road Maintenance(Engg),Road cutting,Subhash Nagar
Revenue Department,Khata Services (Registration, Transfer, Bifurcation and Amalgamation),Pulikeshi Nagar
Water Crisis,Water related issue,Ramamurthy Nagar
Advertisement,Unsafe Hoardings,Bagalagunte
E khata / Khata services,Ekhata missing in online,Hanumantha Nagar
Electrical,Earthing Issue relate to Electric Poles/Panel Boards,Marappana Palya
Solid Waste (Garbage) Related,Segregation of waste is not done,HSR Layout
Solid Waste (Garbage) Related,Complaint against SW collector/ SWM official for violation of SWM Rules,Bommanahalli
Road Maintenance(Engg),Road cutting,Radhakrishna Temple
Storm  Water Drain(SWD),Sewerage water left in SWD,Sarvagna Nagar
Water Crisis,Water related issue,Vrushabhavati Nagar
Road Maintenance(Engg),Overhanging cables,Kottigepalya
Advertisement,Flex and banners,Benniganahalli
Town Planning,Noise during Building Construction,Newthippasandra
Property Tax services,Property tax refund / adjustment,Kavalbyrasandra
Road Maintenance(Engg),UnAuthorised Constructions,Hongasandra
Forest,Issues related Snakes/Birds/Monkeys,Nagavara
Indira Canteen,Food Quality,Sanjay Nagar
Storm  Water Drain(SWD),Garbage thrown in storm water drain,A.Narayanapura
Road Maintenance(Engg),Footpath,Rajamahal
Optical Fiber Cables (OFC),Without permission digging of road,Vidyaranyapura
Call Center,others,Sri Rammandira
Forest,Issues related Snakes/Birds/Monkeys,Bommanahalli
Others,Others,J.P.Park
Road Maintenance(Engg),footpath encroachment,K.R.Market
Revenue Department,Unable to Generate the receipt after property tax payment.,Shakthiganapathi Nagar
Indira Canteen,Food Quality,Adugodi
Revenue Department,Khata Services (Registration, Transfer, Bifurcation and Amalgamation),Hosahalli
Indira Canteen,Food Quality,Gandhi Nagar
Electrical,Street Lights Switched On During Day Time,Dharmarayaswamy Temple Ward
Revenue Department,Discrepancy In Khata Certificate and Khata Extract,Shakthiganapathi Nagar
E khata / Khata services,Ekhata missing in online,Jalahalli
Electrical,Earthing Issue relate to Electric Poles/Panel Boards,C.V.Raman Nagar
Solid Waste (Garbage) Related,Garbage dumping in vacant sites,Hegganahalli
Solid Waste (Garbage) Related,Garbage transfer not as per norms & area not kept clean,Adugodi
Electrical,Earthing Issue relate to Electric Poles/Panel Boards,Devarajeevanahalli
Electrical,Street Lights Switched On During Day Time,Siddapura
Markets,Garbage In Market Premises,Arakere
Road Infrastructure,Road Infrastructure,Jayachamarajendra Nagar
veterinary,Animal Cruelty/Relocated,Yelachenahalli
Health Dept,Fogging,Ramaswamy Palya
Revenue Department,Unable to Generate the receipt after property tax payment.,K.R.Puram
Revenue Department,Discrepancy In Khata Certificate and Khata Extract,Hebbal
ಕಸವನ್ನು ತೆಗೆದಿರುತ್ತೇವೆ.,Harish/JHI,,
Sanitation,Public toilet(s) cleaning,Uttarahalli
E khata / Khata services,Ekhata - name correction,Aramane Nagar
veterinary,Animal caught disease post surgery,Shakambari Nagar
veterinary,Anti Rabies Vaccination of stray dogs,Konanakunte
Traffic Engineer Cell (TEC),TEC,Bagalagunte
Road Maintenance(Engg),Debris Removal / Construction Material,Yadiyuru
Town Planning,Construction not done as per approved plan (Building Bye Law Violations),H.M.T
E khata / Khata services,Technical Issue In Ekhata,Shankaramata
E khata / Khata services,Do not issue ekhata,Maruthi Seva Nagar
Markets,Violation of rules by Shop rent / Leaser,Uttarahalli
Health Dept,Air/Noise pollution,Jalahalli
Health Dept,Air/Noise pollution,Jogupalya
Sanitation,Public toilet(s) blockage,Manorayanapalya
E khata / Khata services,Technical Issue In Ekhata,Deepanjali Nagar
Electrical,Street Lights Switched On During Day Time,Kuvempu Nagar
Lakes,Insufficient lake security personnel,BTM Layout
Optical Fiber Cables (OFC),Without permission digging of road,HSR Layout
veterinary,Stray cattle related complaints,A.Narayanapura
Electrical,Requirement For New Street Lights,Padmanabha Nagar
Solid Waste (Garbage) Related,Burning of Garbage in Open Space,Vannarpet
Lakes,Lake fencing damaged,Varthur
E khata / Khata services,Ekhata missing in online,Dattathreya Temple
Road Maintenance(Engg),UnAuthorised Constructions,Kammanahalli
Road Maintenance(Engg),Footpath,Hosakerehalli
E khata / Khata services,new Khata / Ekhata registration / creation,T-Dasarahalli
Solid Waste (Garbage) Related,Complaint against SW collector/ SWM official for violation of SWM Rules,Chowdeshwari Ward
veterinary,Aged street dogs please take action,Attiguppe
veterinary,Animal birth control/neutering of stray dogs,Benniganahalli
Revenue Department,Discrepancy In Khata Certificate and Khata Extract,Rajagopala Nagar
Electrical,Earthing Issue relate to Electric Poles/Panel Boards,Sri Rammandira
Road Maintenance(Engg),water stagnation,Dattathreya Temple
Solid Waste (Garbage) Related,Segregation of waste is not done,Manorayanapalya
Water Crisis,Water related issue,Kempapura Agrahara
Road Maintenance(Engg),Road cutting,Yeshwanthpur
Plastic,Use of banned single use plastic,Madiwala
Parks and Play grounds,Issues Related to Parks/Medians/Circles/Island.,Sagayapuram
veterinary,Animal Rescue - Not well - Requires attention,Ganeshmandira Ward
Storm  Water Drain(SWD),Garbage thrown in storm water drain,Devasandra
Electrical,Earthing Issue relate to Electric Poles/Panel Boards,Bilekahalli
Revenue Department,Discrepancy In Khata Certificate and Khata Extract,Sri Nagar
Markets,Encroachment,Giri Nagar
Advertisement,Flex and banners,Devasandra
Revenue Department,Others (JC),Chokkasandra
veterinary,Animal Death Need cremartion support,Jnanabharathi Ward
Revenue Department,Discrepancy In Khata Certificate and Khata Extract,Mangammanapalya
Sanitation,Public toilet(s) blockage,Basavanapura
Road Maintenance(Engg),Road side drains,Adugodi
Revenue Department,Others (JC),Jakkasandra
veterinary,Anti Rabies Vaccination of stray dogs,Shakthiganapathi Nagar
Road Maintenance(Engg),Road cutting,Hosakerehalli
Solid Waste (Garbage) Related,Sweeping not done,Subhash Nagar
E khata / Khata services,ekhata approval pending with ARO,Chikkalasandra
E khata / Khata services,ekhata approval pending with ARO,Yadiyuru
Revenue Department,Unable to generate the property tax challan,Azad Nagar
Optical Fiber Cables (OFC),Without permission digging of road,C.V.Raman Nagar
Parks and Play grounds,Issues Related to Parks/Medians/Circles/Island.,Maruthi Mandira Ward
Town Planning,UnAuthorised Building Constructions,Rajarajeshwari Nagar
Sanitation,Urination in Public/Open Defecation,Sunkenahalli
E khata / Khata services,Ekhata - name correction,Chokkasandra
Solid Waste (Garbage) Related,Sweeping not done,Madiwala
Solid Waste (Garbage) Related,Garbage transfer not as per norms & area not kept clean,Rajaji Nagar
Solid Waste (Garbage) Related,Complaint against SW collector/ SWM official for violation of SWM Rules,Shiva Nagar
veterinary,Stray/Rabid dog bite,Malleshwaram
Health Dept,Unhygienic premises in Hotel etc,Ramaswamy Palya
Electrical,Requirement For New Street Lights,Vannarpet
Road Maintenance(Engg),Road cutting,Rajamahal
Solid Waste (Garbage) Related,Garbage transfer not as per norms & area not kept clean,Agaram
veterinary,Fatally injured - Needs immediate attention,Jagajeevanram Nagar
Sanitation,Urination in Public/Open Defecation,Nagavara
Lakes,Insufficient lake security personnel,Horamavu
veterinary,Fatally injured - Needs immediate attention,Nandini Layout
Road Maintenance(Engg),footpath encroachment,Laggere
Electrical,Open Electrical Junction Box,Hegganahalli
Solid Waste (Garbage) Related,Garbage nuisance while transporting,Kengeri
Estate,Encroachment,Vignana Nagar
Electrical,Requirement For New Street Lights,Nandini Layout
Indira Canteen,Others,Konena Agrahara
Health Dept,Air/Noise pollution,Ramamurthy Nagar
Storm  Water Drain(SWD),Maintenance of SWD,Kammanahalli
E khata / Khata services,Khata / Ekhata mutation / transfer,Pattabhiram Nagar
veterinary,Stray/Rabid dog bite,Mangammanapalya
Lakes,Lake gates are not opened as per the prescribed timing,Varthur
after the tree has been cleared from inside the gutter.,,
veterinary,Pet dog licence,Madiwala
E khata / Khata services,Ekhata - name correction,A.Narayanapura
Solid Waste (Garbage) Related,Segregation of waste is not done,Jogupalya
Sanitation,Urination in Public/Open Defecation,HSR Layout
Advertisement,Flex and banners,Vignana Nagar
Parks and Play grounds,Issues Related to Parks/Medians/Circles/Island.,Vijay Nagar
,Subhash Patil/AE,,
Parks and Play grounds,Environmental protection,Visvesvarapuram
E khata / Khata services,new Khata / Ekhata registration / creation,Chikpete
veterinary,Animal birth control/neutering of stray dogs,Jogupalya
Electrical,Earthing Issue relate to Electric Poles/Panel Boards,Maruthi Mandira Ward
Revenue Department,Unable to generate the property tax challan,Marappana Palya
Lakes,Lake fencing damaged,Ulsoor
Revenue Department,Discrepancy In Khata Certificate and Khata Extract,Marathalli
veterinary,Animal caught disease post surgery,Nandini Layout
veterinary,Animal caught disease post surgery,Sarvagna Nagar
Advertisement,Unsafe Hoardings,Subhash Nagar
Solid Waste (Garbage) Related,Garbage nuisance while transporting,H.M.T
Health Dept,Fogging,K.R.Puram
Others,Others,Kaveripura
Property Tax services,Unable to generate receipt after property tax payment,Horamavu
E khata / Khata services,Other Khata / ekhata issues,Domlur
Road Maintenance(Engg),UnAuthorised Constructions,Jayanagar East
Storm  Water Drain(SWD),Maintenance of SWD,Binnipet
Electrical,Open Electrical Junction Box,Sarvagna Nagar
Road Maintenance(Engg),water leakage on road,Sudam Nagar
BBMP Election Branch,Epic Details Corrections,Thanisandra
Storm  Water Drain(SWD),Garbage thrown in storm water drain,Maruthi Seva Nagar
Sanitation,Urination in Public/Open Defecation,Byrasandra
Water Crisis,Water related issue,Kamakshipalya
Road Maintenance(Engg),Road cutting,Lakshmidevi Nagar
Traffic Engineer Cell (TEC),TEC,K.R.Puram
E khata / Khata services,Ekhata missing in online,Binnipet
Town Planning,UnAuthorised Building Constructions,Mangammanapalya
Water Crisis,Water related issue,Agrahara Dasarahalli
veterinary,Fatally injured - Needs immediate attention,Shanthala Nagar
Electrical,Park Lights Not Working,Visvesvarapuram
veterinary,Stray cattle related complaints,Sri Nagar
Electrical,Requirement For New Street Lights,Jaraganahalli
veterinary,Animal Rescue - Not well - Requires attention,Kumaraswamy Layout
Electrical,Requirement For New Street Lights,Bommanahalli
E khata / Khata services,Ekhata in previous owner name,Hemmigepura
Health Dept,Dengue positive,Subedarapalya
Town Planning,UnAuthorised Building Constructions,Cottonpet
Solid Waste (Garbage) Related,Garbage transfer not as per norms & area not kept clean,Hoodi
Storm  Water Drain(SWD),Garbage thrown in storm water drain,Radhakrishna Temple
Solid Waste (Garbage) Related,Dead animal(s),Agaram
Water Crisis,Water related issue,Doddabommasandra
E khata / Khata services,Ekhata missing in online,Ganga Nagar
E khata / Khata services,Ekhata Other corrections,Ullalu
Markets,Trade License,Vasanthapura
E khata / Khata services,ekhata approval pending with ARO,K.R.Market
Electrical,Street Lights Switched On During Day Time,Kushal Nagar
Solid Waste (Garbage) Related,Burning of Garbage in Open Space,Jakkasandra
thank you for raising complaint,Shankar Murthy/HS,,
Solid Waste (Garbage) Related,Dead animal(s),Okalipuram
if any such information please call to 9448731722,Shankar Murthy/HS,,
Electrical,Street Lights Switched On During Day Time,Devarajeevanahalli
veterinary,Animal Cruelty/Relocated,Vijanapura
Solid Waste (Garbage) Related,Complaint against SW collector/ SWM official for violation of SWM Rules,Kodigehalli
E khata / Khata services,Other Khata / ekhata issues,Kempegowda Ward
Solid Waste (Garbage) Related,Public dustbins not cleaned,Basaveshwara Nagar
Solid Waste (Garbage) Related,Complaint against SW collector/ SWM official for violation of SWM Rules,Peenya Industrial Area
Traffic Engineer Cell (TEC),TEC,BTM Layout
Electrical,Earthing Issue relate to Electric Poles/Panel Boards,Sudduguntepalya
veterinary,Animal birth control/neutering of stray dogs,Marappana Palya
veterinary,Animal birth control/neutering of stray dogs,Nagapura
Sanitation,Urination in Public/Open Defecation,Jakkur
Solid Waste (Garbage) Related,Garbage dumping in vacant sites,H.M.T
Parks and Play grounds,Gym/Children Play equipment in the parks,Ulsoor
Road Maintenance(Engg),Road side drains,Prakash Nagar
Solid Waste (Garbage) Related,Garbage nuisance while transporting,Puttenahalli
veterinary,Stray cattle related complaints,Karisandra
veterinary,Animal died post vaccination,Chikpete
Electrical,Requirement For New Street Lights,Attiguppe
veterinary,Dog, cat Poor conditions / Breeding license validation,Kuvempu Nagar
Road Maintenance(Engg),Road side drains,Vasanth Nagar
Road Maintenance(Engg),Road cutting,Agaram
Town Planning,UnAuthorised Building Constructions,Koramangala
veterinary,Illegal meat shop / Animal cruelty / license check,Mathikere
veterinary,Stray/Rabid dog bite,Okalipuram
Optical Fiber Cables (OFC),Without permission digging of road,HAL Airport
Plastic,Use of banned single use plastic,Begur
Town Planning,Construction not done as per approved plan (Building Bye Law Violations),Malleshwaram
Health Dept,Air/Noise pollution,Yelachenahalli
veterinary,Dog bite pet dog,Kavalbyrasandra
CORONA COVID19,Others,Bilekahalli
Revenue Department,Unable to generate the property tax challan,Koramangala
E khata / Khata services,Other Khata / ekhata issues,K.R.Puram
Health Dept,Increase in mosquito density,Nandini Layout
Solid Waste (Garbage) Related,Burning of Garbage in Open Space,Hosahalli
Markets,Encroachment,Kumaraswamy Layout
Solid Waste (Garbage) Related,Burning of Garbage in Open Space,Sudam Nagar
Indira Canteen,Food Quantity,Chamrajpet
veterinary,Animal caught disease post surgery,Thanisandra
Advertisement,Flex and banners,Garudacharpalya
Storm  Water Drain(SWD),Garbage thrown in storm water drain,Jakkasandra
Sanitation,Urination in Public/Open Defecation,Hanumantha Nagar
E khata / Khata services,Other Khata / ekhata issues,T-Dasarahalli
E khata / Khata services,Do not issue ekhata,Ullalu
Indira Canteen,Others,Kumaraswamy Layout
Solid Waste (Garbage) Related,Burning of Garbage in Open Space,Yelahanka old Satellite Town
Traffic Engineer Cell (TEC),TEC,Attiguppe
Property Tax services,Property tax owner name not updated,HAL Airport
Solid Waste (Garbage) Related,Dead animal(s),Gurappanapalya
Storm  Water Drain(SWD),Sewerage water left in SWD,Koramangala
Road Maintenance(Engg),footpath encroachment,Hampi Nagar
Revenue Department,Others (JC),Sri Nagar
veterinary,Animal Rescue - Not well - Requires attention,Chalavadipalya
veterinary,Illegal pet shop / Animal cruelty / license check,Ullalu
Revenue Department,Others (JC),Kumaraswamy Layout
Health Dept,Spraying,Attiguppe
Town Planning,UnAuthorised Building Constructions,Shakthiganapathi Nagar
E khata / Khata services,Ekhata in previous owner name,Katriguppe
veterinary,Fatally injured - Needs immediate attention,Vishwanathnagenahalli
Indira Canteen,Staff Related,Byrasandra
veterinary,Animal birth control/neutering of stray dogs,Kaveripura
Indira Canteen,Cleanliness of Utensils,Arakere
Health Dept,Unhygienic premises in Hotel etc,Hosahalli
Road Maintenance(Engg),Potholes,Vijay Nagar
Education,Parent-Teachers Meeting,Uttarahalli
Advertisement,Flex and banners,Giri Nagar
Road Maintenance(Engg),Footpath,Govindraja Nagara
Health Dept,Fogging,Nagavara
Health Dept,Air/Noise pollution,Shettyhalli
Plastic,Use of banned single use plastic,HSR Layout
Call Center,Call center Issues,Moodalapalya
Electrical,Requirement For New Street Lights,Shanthi Nagar
Town Planning,Noise during Building Construction,Herohalli
Electrical,Park Lights Not Working,Thanisandra
Road Maintenance(Engg),Road cutting,Shivaji Nagar
Traffic Engineer Cell (TEC),TEC,Dharmarayaswamy Temple Ward
E khata / Khata services,Other Khata / ekhata issues,Marathalli
Parks and Play grounds,Issues Related to Parks/Medians/Circles/Island.,Govindraja Nagara
Road Maintenance(Engg),UnAuthorised Constructions,Hebbal
E khata / Khata services,Ekhata in previous owner name,Marathalli
E khata / Khata services,Ekhata in previous owner name,Marappana Palya
veterinary,Stray/Rabid dog bite,Bagalagunte
E khata / Khata services,Other Khata / ekhata issues,Bommanahalli
Sanitation,Urination in Public/Open Defecation,Pulikeshi Nagar
veterinary,Street dogs attacking-pet Dogs,Gottigere
Forest,Issues related Snakes/Birds/Monkeys,Konanakunte
E khata / Khata services,Khata / Ekhata mutation / transfer,Attiguppe
Parks and Play grounds,Play Grounds,Dayananda Nagar
E khata / Khata services,Other Khata / ekhata issues,C.V.Raman Nagar
Traffic Engineer Cell (TEC),TEC,Ullalu
Sanitation,Public toilet(s) cleaning,Chikpete
E khata / Khata services,Other Khata / ekhata issues,Vishwanathnagenahalli
E khata / Khata services,Other Khata / ekhata issues,Adugodi
Road Maintenance(Engg),Road side drains,Kamakshipalya
Water Crisis,Water related issue,Sanjay Nagar
Lakes,Dumping of garbage into lake,Hampi Nagar
veterinary,Animal birth control/neutering of stray dogs,Ejipura
Town Planning,Construction not done as per approved plan (Building Bye Law Violations),Someshwara
E khata / Khata services,Khata / Ekhata mutation / transfer,Hegganahalli
Traffic Engineer Cell (TEC),TEC,Sarvagna Nagar
Solid Waste (Garbage) Related,Garbage transfer not as per norms & area not kept clean,Vijanapura
Estate,Encroachment,Bellandur
veterinary,Dog bite pet dog,Hemmigepura
with deviation in plan. Per circular 18/10/24,5/11/24 and 9/1/25 sealing 15 (4) of entire building,
Storm  Water Drain(SWD),Sewerage water left in SWD,Madiwala
veterinary,Stray cattle related complaints,Madiwala
Information Technology,App Related Issues,Uttarahalli
please call the BDA helpdesk at 080-2344-2273.,,
Call Center,others,Uttarahalli
Road Maintenance(Engg),UnAuthorised Constructions,Gandhi Nagar
Property Tax services,Property tax owner name not updated,K.R.Puram
Sanitation,Public toilet(s) blockage,Banaswadi
Lakes,Lake gates are not opened as per the prescribed timing,Doddanekkundi
Forest,Removal of dead/fallen trees,Bapuji Nagar
Lakes,Lake fencing damaged,Vasanthapura
Optical Fiber Cables (OFC),Without permission digging of road,Nandini Layout
Road Maintenance(Engg),Road cutting,Nandini Layout
Road Maintenance(Engg),Footpath,Radhakrishna Temple
Road Maintenance(Engg),Potholes,Peenya Industrial Area
Electrical,Street Lights Switched On During Day Time,Ganeshmandira Ward
Solid Waste (Garbage) Related,Burning of Garbage in Open Space,Vasanth Nagar
Lakes,Lake not maintained properly,Someshwara
Sanitation,Urination in Public/Open Defecation,Kumaraswamy Layout
Road Maintenance(Engg),water stagnation,Jagajeevanram Nagar
Advertisement,Flex and banners,Jayachamarajendra Nagar
Health Dept,Unhygienic premises in Hotel etc,Someshwara
Electrical,Park Lights Not Working,Chowdeshwari Ward
Health Dept,Air/Noise pollution,Vannarpet
Revenue Department,Unable to Generate the receipt after property tax payment.,Mangammanapalya
E khata / Khata services,eKhata - name Mismatch,Hoodi
Water Crisis,Water related issue,Banaswadi
veterinary,Stray pig related complaints,Mangammanapalya
Sanitation,Public toilet(s) cleaning,Siddapura
veterinary,Anti Rabies Vaccination of stray dogs,Sudduguntepalya
E khata / Khata services,Ekhata in previous owner name,Uttarahalli
Solid Waste (Garbage) Related,Sweeping not done,Karisandra
Health Dept,Dengue positive,Kumaraswamy Layout
veterinary,Anti Rabies Vaccination of stray dogs,Chamrajpet
Indira Canteen,Staff Related,Thanisandra
Projects Central,Potholes,BTM Layout
Electrical,Street Lights Switched On During Day Time,K.R.Market
Solid Waste (Garbage) Related,Complaint against SW collector/ SWM official for violation of SWM Rules,Attiguppe
Advertisement,Unsafe Hoardings,Nayandanahalli
Road Maintenance(Engg),Road cutting,Koramangala
Road Maintenance(Engg),water leakage on road,Domlur
Road Maintenance(Engg),footpath encroachment,H.M.T
Indira Canteen,Staff Related,Aramane Nagar
Electrical,Earthing Issue relate to Electric Poles/Panel Boards,Konena Agrahara
Town Planning,UnAuthorised Building Constructions,Giri Nagar
Parks and Play grounds,Issues Related to Parks/Medians/Circles/Island.,Dattathreya Temple
Electrical,Street Lights Switched On During Day Time,Subedarapalya
Solid Waste (Garbage) Related,Public dustbins not cleaned,Thanisandra
I will inform our security person regarding this matter,Shankar Murthy/HS,,
E khata / Khata services,eKhata - name Mismatch,Bellandur
Road Infrastructure,Road Infrastructure,Chokkasandra
Solid Waste (Garbage) Related,Burning of Garbage in Open Space,Ulsoor
Electrical,Street Lights Switched On During Day Time,Visvesvarapuram
Revenue Department,Unable to Generate the receipt after property tax payment.,Nagavara
Health Dept,Spraying,Bommanahalli
Parks and Play grounds,Gym/Children Play equipment in the parks,Herohalli
Town Planning,Construction not done as per approved plan (Building Bye Law Violations),Kamakshipalya
Advertisement,Flex and banners,Vidyapeetha
E khata / Khata services,Other Khata / ekhata issues,Gayathri Nagar
E khata / Khata services,Do not issue ekhata,Dodda Bidarkallu
Projects Central,Potholes,Malleshwaram
Health Dept,Air/Noise pollution,Hemmigepura
Electrical,Earthing Issue relate to Electric Poles/Panel Boards,Koramangala
Advertisement,Unsafe Hoardings,Chokkasandra
Indira Canteen,Food Quantity,Chikpete
Road Maintenance(Engg),footpath encroachment,Okalipuram
Road Maintenance(Engg),UnAuthorised Constructions,Mangammanapalya
veterinary,Stray dog related complaints,Prakash Nagar
Health Dept,Dengue positive,Padmanabha Nagar
Health Dept,Fogging,Subramanya Nagar
veterinary,Animal Rescue - Not well - Requires attention,Devasandra
Advertisement,Unsafe Hoardings,Sunkenahalli
Solid Waste (Garbage) Related,Complaint against SW collector/ SWM official for violation of SWM Rules,Nagapura
Solid Waste (Garbage) Related,Garbage transfer not as per norms & area not kept clean,Kadugodi
Solid Waste (Garbage) Related,Complaint against SW collector/ SWM official for violation of SWM Rules,Marenahalli
Solid Waste (Garbage) Related,Burning of Garbage in Open Space,Nandini Layout
Solid Waste (Garbage) Related,Burning of Garbage in Open Space,Katriguppe
Solid Waste (Garbage) Related,Garbage nuisance while transporting,Sri Rammandira
Health Dept,Unhygienic premises in Hotel etc,Chokkasandra
Storm  Water Drain(SWD),Sewerage water left in SWD,Rajagopala Nagar
Sanitation,Urination in Public/Open Defecation,T-Dasarahalli
Health Dept,Increase in mosquito density,Ulsoor
Indira Canteen,Food Quality,Nagapura
Indira Canteen,Others,Marathalli
Forest,Issues related Snakes/Birds/Monkeys,Pattabhiram Nagar
E khata / Khata services,eKhata - name Mismatch,Nayandanahalli
Lakes,Sewage inflow to lake,Chowdeshwari Ward
E khata / Khata services,Do not issue ekhata,Horamavu
Road Maintenance(Engg),water leakage on road,Yeshwanthpur
Advertisement,Flex and banners,Dattathreya Temple
BBMP Election Branch,Epic Details Corrections,Dodda Bidarkallu
Traffic Engineer Cell (TEC),TEC,Padmanabha Nagar
Projects Central,Road furnitures,Uttarahalli
Storm  Water Drain(SWD),Maintenance of SWD,Adugodi
Health Dept,Air/Noise pollution,Lingarajapuram
Solid Waste (Garbage) Related,Garbage transfer not as per norms & area not kept clean,Jakkasandra
E khata / Khata services,Ekhata Area Correction,Pattabhiram Nagar
Road Maintenance(Engg),Overhanging cables,Shakambari Nagar
Education,Infrastructure related Issues.,C.V.Raman Nagar
Storm  Water Drain(SWD),Garbage thrown in storm water drain,Adugodi
E khata / Khata services,Other Khata / ekhata issues,Sri Rammandira
Electrical,Street Lights Switched On During Day Time,Sunkenahalli
Health Dept,Unhygienic premises in Hotel etc,Vijanapura
E khata / Khata services,Ekhata missing in online,Hampi Nagar
veterinary,Animal birth control/neutering of stray dogs,Prakash Nagar
Optical Fiber Cables (OFC),Without permission digging of road,Varthur
Solid Waste (Garbage) Related,Burning of Garbage in Open Space,Ejipura
Indira Canteen,Food Quality,Bommanahalli
Indira Canteen,Food Quantity,Bommanahalli
Solid Waste (Garbage) Related,Public dustbins not cleaned,Nagavara
Solid Waste (Garbage) Related,Garbage nuisance while transporting,Ganeshmandira Ward
Health Dept,Unavailability of staff,Bommanahalli
veterinary,Animal Death Need cremartion support,Bilekahalli
Advertisement,Flex and banners,Hanumantha Nagar
veterinary,Dog bite pet dog,J.P.Park
Road Maintenance(Engg),UnAuthorised Constructions,Jeevanbhima Nagar
Traffic Engineer Cell (TEC),TEC,HSR Layout
Electrical,Requirement For New Street Lights,Kempapura Agrahara
veterinary,Illegal meat shop / Animal cruelty / license check,HBR Layout
Traffic Engineer Cell (TEC),TEC,Banashankari Temple Ward
Thanisandra main road,,
Solid Waste (Garbage) Related,Burning of Garbage in Open Space,Aramane Nagar
veterinary,Request for New feeder Points,Nagapura
veterinary,Animal Cruelty/Ill-Treated / Abused,Devarajeevanahalli
Lakes,Lake being encroached,HBR Layout
Health Dept,Unhygienic premises in Hotel etc,Kadugodi
Welfare Schemes,Senior  Citizen,Uttarahalli
Road Maintenance(Engg),Footpath,Vishwanathnagenahalli
Road Maintenance(Engg),footpath encroachment,Vishwanathnagenahalli
Road Maintenance(Engg),UnAuthorised Constructions,Vishwanathnagenahalli
Revenue Department,Others (JC),Devasandra
E khata / Khata services,Ekhata in previous owner name,Horamavu
E khata / Khata services,Ekhata - name correction,Jayachamarajendra Nagar
Solid Waste (Garbage) Related,Public dustbins not cleaned,Chikkalasandra
E khata / Khata services,Khata / Ekhata mutation / transfer,Horamavu
E khata / Khata services,Khata / Ekhata mutation / transfer,Nandini Layout
Revenue Department,Unable to Generate the receipt after property tax payment.,Jogupalya
Health Dept,Air/Noise pollution,Sri Nagar
E khata / Khata services,Ekhata Area Correction,Singasandra
Road Maintenance(Engg),Overhanging cables,Malleshwaram
Parks and Play grounds,Issues Related to Parks/Medians/Circles/Island.,Jayachamarajendra Nagar
veterinary,Stray/Rabid dog bite,Peenya Industrial Area
Forest,Issues related Snakes/Birds/Monkeys,Rajaji Nagar
Health Dept,Birth & Death Registration,Bellandur
veterinary,Stray/Rabid dog bite,Kumaraswamy Layout
veterinary,Stray cattle related complaints,Kavalbyrasandra
Indira Canteen,Food Quality,Subramanya Nagar
veterinary,Request for ABC,Someshwara
Town Planning,Construction not done as per approved plan (Building Bye Law Violations),Nagarabhavi
Town Planning,Noise during Building Construction,Nagarabhavi
E khata / Khata services,ekhata approval pending with ARO,Benniganahalli
Electrical,Open Electrical Junction Box,Nagapura
Solid Waste (Garbage) Related,Garbage transfer not as per norms & area not kept clean,Aramane Nagar
Traffic Engineer Cell (TEC),TEC,Mallasandra
veterinary,Anti Rabies Vaccination of stray dogs,Sudam Nagar
veterinary,Animal Death Need cremartion support,Byatarayanapura
Health Dept,Unavailability of staff,Horamavu
Indira Canteen,Others,Begur
E khata / Khata services,ekhata approval pending with ARO,J.P.Nagar
Health Dept,Delay in issue of Trade licence,Thanisandra
Health Dept,Air/Noise pollution,Vasanth Nagar
Traffic Engineer Cell (TEC),TEC,T-Dasarahalli
Health Dept,Air/Noise pollution,Shakthiganapathi Nagar
Lakes,Lake not maintained properly,A.Narayanapura
E khata / Khata services,Other Khata / ekhata issues,Newthippasandra
veterinary,Anti Rabies Vaccination of stray dogs,Rajagopala Nagar
veterinary,Stray/Rabid dog bite,Manorayanapalya
veterinary,Animal birth control/neutering of stray dogs,Vrushabhavati Nagar
Town Planning,Construction not done as per approved plan (Building Bye Law Violations),Vidyaranyapura
Health Dept,Zonal Violation of the Building,J.P.Nagar
Town Planning,Construction not done as per approved plan (Building Bye Law Violations),J.P.Nagar
E khata / Khata services,Ekhata missing in online,Domlur
Health Dept,Fogging,Shakambari Nagar
Electrical,Earthing Issue relate to Electric Poles/Panel Boards,Hegganahalli
Lakes,Sewage inflow to lake,Varthur
Road Maintenance(Engg),Road side drains,Subhash Nagar
Sanitation,Public toilet(s) blockage,Subhash Nagar
veterinary,Animal caught disease post surgery,Hemmigepura
Indira Canteen,Billing related,Begur
Solid Waste (Garbage) Related,Garbage transfer not as per norms & area not kept clean,Hosakerehalli
Health Dept,Zonal Violation of the Building,Radhakrishna Temple
Lakes,Lake not maintained properly,Yelachenahalli
Health Dept,Air/Noise pollution,Marenahalli
Solid Waste (Garbage) Related,Sweeping not done,Rajagopala Nagar
it’s an private property,,
Revenue Department,Others (JC),Sunkenahalli
Property Tax services,Other property tax issues,Bellandur
please contact Bommanahalli SADH,Shankar Murthy/HS,,
Revenue Department,Khata Services (Registration, Transfer, Bifurcation and Amalgamation),Giri Nagar
Revenue Department,Discrepancy In Khata Certificate and Khata Extract,Shettyhalli
E khata / Khata services,Do not issue ekhata,Uttarahalli
veterinary,Animal Death Need cremartion support,Kuvempu Nagar
E khata / Khata services,eKhata - name Mismatch,Dodda Bidarkallu
E khata / Khata services,Ekhata missing in online,Maruthi Mandira Ward
Lakes,Lake being encroached,Arakere
Parks and Play grounds,Issues Related to Parks/Medians/Circles/Island.,Sampangiram Nagar
Solid Waste (Garbage) Related,Burning of Garbage in Open Space,Lingarajapuram
Electrical,Earthing Issue relate to Electric Poles/Panel Boards,Hosahalli
Estate,Encroachment,Uttarahalli
Revenue Department,Others (JC),H.M.T
E khata / Khata services,Ekhata missing in online,Subramanya Nagar
Revenue Department,Others (JC),Jayangar
E khata / Khata services,Ekhata missing in online,Konena Agrahara
Traffic Engineer Cell (TEC),TEC,Yadiyuru
Electrical,Earthing Issue relate to Electric Poles/Panel Boards,Vijanapura
Traffic Engineer Cell (TEC),TEC,Pattabhiram Nagar
veterinary,Street dogs attacking-pet Dogs,Chowdeshwari Ward
E khata / Khata services,Ekhata in previous owner name,Bellandur
Health Dept,Spraying,Hoodi
Electrical,Street Lights Switched On During Day Time,Neelasandra
Markets,Encroachment,Pattabhiram Nagar
Storm  Water Drain(SWD),Garbage thrown in storm water drain,Manorayanapalya
Solid Waste (Garbage) Related,Segregation of waste is not done,Rajarajeshwari Nagar
Advertisement,Unsafe Hoardings,Horamavu
Advertisement,Unsafe Hoardings,Visvesvarapuram
Road Maintenance(Engg),Road cutting,Lingarajapuram
E khata / Khata services,Other Khata / ekhata issues,Govindraja Nagara
Indira Canteen,Others,Kaveripura
Parks and Play grounds,Play Grounds,Singasandra
veterinary,Stray/Rabid dog bite,Basaveshwara Nagar
Forest,Issues related Snakes/Birds/Monkeys,Hegganahalli
Town Planning,Noise during Building Construction,Jnanabharathi Ward
Sanitation,No water supply in public toilet(s),Devasandra
Road Maintenance(Engg),Potholes,Yadiyuru
veterinary,Stray dog related complaints,Azad Nagar
Indira Canteen,Food Quantity,Subramanya Nagar
I appreciate BBMP Electrical department eng. AEE/Staffs. Thanks for the social response.,Sandeep/AEE,,
Health Dept,Unhygienic premises in Hotel etc,Cottonpet
veterinary,Animal birth control/neutering of stray dogs,Nagavara
Plastic,Use of banned single use plastic,Banaswadi
Road Maintenance(Engg),UnAuthorised Constructions,Domlur
Parks and Play grounds,Issues Related to Parks/Medians/Circles/Island.,Shakthiganapathi Nagar
Town Planning,Noise during Building Construction,HSR Layout
Storm  Water Drain(SWD),Garbage thrown in storm water drain,HAL Airport
Indira Canteen,Others,Bommanahalli
Health Dept,Unhygienic premises in Hotel etc,Arakere
veterinary,Animal Cruelty/Ill-Treated / Abused,Hebbal
Electrical,Park Lights Not Working,Hongasandra
Forest,obstructions Branches / Trees.,Kushal Nagar
Health Dept,Unavailability of staff,Govindraja Nagara
Advertisement,Flex and banners,Chowdeshwari Ward
E khata / Khata services,Other Khata / ekhata issues,Sampangiram Nagar
Water Crisis,Water related issue,Malleshwaram
Indira Canteen,Billing related,Sampangiram Nagar
Indira Canteen,Food Quantity,Sampangiram Nagar
Optical Fiber Cables (OFC),Without permission digging of road,Kadugondanahalli
Health Dept,Unavailability of staff,Hoysala Nagar
Electrical,Open Electrical Junction Box,Siddapura
Town Planning,Noise during Building Construction,Rajaji Nagar
Revenue Department,Unable to generate the property tax challan,Chikpete
E khata / Khata services,Ekhata missing in online,Maruthi Seva Nagar
Solid Waste (Garbage) Related,Burning of Garbage in Open Space,Hoysala Nagar
veterinary,Stray cattle related complaints,Chikpete
Revenue Department,Others (JC),Ulsoor
Parks and Play grounds,Issues Related to Parks/Medians/Circles/Island.,Hoysala Nagar
Health Dept,Birth & Death Registration,Uttarahalli
E khata / Khata services,Ekhata Other corrections,Govindraja Nagara
Solid Waste (Garbage) Related,Complaint against SW collector/ SWM official for violation of SWM Rules,Ganga Nagar
Storm  Water Drain(SWD),Maintenance of SWD,Subramanya Nagar
Lakes,Lake not maintained properly,Hagadooru
Indira Canteen,Others,Shivaji Nagar
Health Dept,Unhygienic premises in Hotel etc,Prakash Nagar
Sanitation,Public toilet(s) blockage,Gottigere
Water Crisis,Water related issue,Gandhi Nagar
Electrical,Street Lights Switched On During Day Time,Banashankari Temple Ward
ಈ ಆಸ್ತಿಗೆ ನಮೂನೆ 3/2 ರಚಿಸಲು ಸಾದ್ಯವಿಲ್ಲ. Form-3 for the PID 3047040886 is approved and Form-3 cannot be print because current financial tax is not paid.,Ramesh Rathod/ARO,,
Revenue Department,Unable to generate the property tax challan,HSR Layout
Solid Waste (Garbage) Related,Complaint against SW collector/ SWM official for violation of SWM Rules,Hagadooru
Health Dept,Dengue positive,Malleshwaram
Health Dept,Dengue positive,Devasandra
veterinary,Dog bite pet dog,Varthur
Road Infrastructure,Road Infrastructure,Bagalagunte
Education,Infrastructure related Issues.,HSR Layout
Estate,Violation of rules by property Leasers,Jnanabharathi Ward
veterinary,Animal Cruelty/Ill-Treated / Abused,Mangammanapalya
E khata / Khata services,Other Khata / ekhata issues,Sarvagna Nagar
Solid Waste (Garbage) Related,Garbage nuisance while transporting,Agrahara Dasarahalli
Electrical,Park Lights Not Working,Yelahanka old Satellite Town
Road Maintenance(Engg),water leakage on road,Sudduguntepalya
Sanitation,Public toilet(s) blockage,Rajarajeshwari Nagar
veterinary,shifting of the street dogs to other places,Bellandur
Health Dept,Indira Canteen,Dodda Bidarkallu
Town Planning,Noise during Building Construction,Dayananda Nagar
Road Maintenance(Engg),UnAuthorised Constructions,Dayananda Nagar
Water Crisis,Water related issue,Hemmigepura
Projects Central,Potholes,Kodigehalli
veterinary,Request for New feeder Points,HSR Layout
Road Maintenance(Engg),Road cutting,Marappana Palya
Parks and Play grounds,Gym/Children Play equipment in the parks,Uttarahalli
Indira Canteen,Food Quality,Gottigere
veterinary,Mutton/Chicken/fish stall Unhygienic maintenance,Neelasandra
veterinary,Stray pig related complaints,Gandhi Nagar
Road Maintenance(Engg),UnAuthorised Constructions,Bilekahalli
E khata / Khata services,eKhata - name Mismatch,Jeevanbhima Nagar
Revenue Department,Unable to generate the property tax challan,Okalipuram
Revenue Department,Unable to generate the property tax challan,Govindraja Nagara
Solid Waste (Garbage) Related,Burning of Garbage in Open Space,Shakambari Nagar
Revenue Department,Unable to generate the property tax challan,Newthippasandra
Optical Fiber Cables (OFC),Without permission digging of road,Vasanth Nagar
E khata / Khata services,Ekhata missing in online,Kempapura Agrahara
Road Infrastructure,Road Infrastructure,Mallasandra
E khata / Khata services,Other Khata / ekhata issues,Lingarajapuram
veterinary,Awareness session / Request for a session,HSR Layout
Road Maintenance(Engg),UnAuthorised Constructions,Basaveshwara Nagar
Sanitation,Public toilet(s) blockage,Jeevanbhima Nagar
Sanitation,Urination in Public/Open Defecation,Siddapura
Forest,Issues related Snakes/Birds/Monkeys,Chikpete
Health Dept,Air/Noise pollution,Bilekahalli
E khata / Khata services,ekhata approval pending with ARO,A.Narayanapura
veterinary,Feeder Harassment by Association / Gated Community,Ullalu
veterinary,Awareness session / Request for a session,Byatarayanapura
Parks and Play grounds,Gym/Children Play equipment in the parks,Peenya Industrial Area
E khata / Khata services,Other Khata / ekhata issues,Subramanya Nagar
Solid Waste (Garbage) Related,Complaint against SW collector/ SWM official for violation of SWM Rules,Yadiyuru
Solid Waste (Garbage) Related,Garbage nuisance while transporting,Ramaswamy Palya
Solid Waste (Garbage) Related,Burning of Garbage in Open Space,Mahalakshmipuram
Solid Waste (Garbage) Related,Sweeping not done,Marappana Palya
veterinary,Pet dog licence,Hongasandra
Parks and Play grounds,Environmental protection,Newthippasandra
Revenue Department,Unable to generate the property tax challan,Lingarajapuram
E khata / Khata services,new Khata / Ekhata registration / creation,Hoodi
Electrical,Requirement For New Street Lights,Hombegowda Nagar
veterinary,Request for ABC,Kodigehalli
E khata / Khata services,ekhata approval pending with ARO,Gayathri Nagar
Forest,Issues related Snakes/Birds/Monkeys,Giri Nagar
Health Dept,Dengue positive,Jayamahal
Solid Waste (Garbage) Related,Complaint against SW collector/ SWM official for violation of SWM Rules,Kadugodi
E khata / Khata services,Ekhata Other corrections,Lakshmidevi Nagar
Information Technology,App Related Issues,Visvesvarapuram
veterinary,Anti Rabies Vaccination of stray dogs,Hegganahalli
Road Maintenance(Engg),UnAuthorised Constructions,Hegganahalli
Solid Waste (Garbage) Related,Complaint against SW collector/ SWM official for violation of SWM Rules,Bharathi Nagar
Forest,obstructions Branches / Trees.,Agaram
Electrical,Requirement For New Street Lights,Subedarapalya
Parks and Play grounds,Issues Related to Parks/Medians/Circles/Island.,Nagavara
Electrical,Earthing Issue relate to Electric Poles/Panel Boards,Shanthala Nagar
Parks and Play grounds,Inspection not done,Vasanthapura
Road Maintenance(Engg),footpath encroachment,Doddabommasandra
Electrical,Street Lights Switched On During Day Time,Kodigehalli
E khata / Khata services,Khata / Ekhata mutation / transfer,BTM Layout
Water Crisis,Water related issue,Bommanahalli
E khata / Khata services,Ekhata missing in online,Lingarajapuram
veterinary,Request for ABC,Mangammanapalya
Electrical,Requirement For New Street Lights,Kempegowda Ward
Solid Waste (Garbage) Related,Public dustbins not cleaned,Mallasandra
veterinary,Mutton/Chicken/fish stall Unhygienic maintenance,Vannarpet
Water Crisis,Water related issue,Basavanapura
Health Dept,Air/Noise pollution,Ramaswamy Palya
Advertisement,Flex and banners,Banaswadi
Advertisement,Flex and banners,Nandini Layout
Town Planning,Construction not done as per approved plan (Building Bye Law Violations),Rajaji Nagar
Solid Waste (Garbage) Related,Complaint against SW collector/ SWM official for violation of SWM Rules,Govindraja Nagara
Electrical,Earthing Issue relate to Electric Poles/Panel Boards,Vignana Nagar
Indira Canteen,Cleanliness of Canteen /Food Area,Vrushabhavati Nagar
Electrical,Street Lights Switched On During Day Time,Mangammanapalya
E khata / Khata services,ekhata approval pending with ARO,Sudduguntepalya
Sanitation,Public toilet(s) cleaning,Jnanabharathi Ward
Advertisement,Flex and banners,Someshwara
veterinary,Animal birth control/neutering of stray dogs,Rajaji Nagar
Road Maintenance(Engg),Potholes,Ramaswamy Palya
Lakes,Lake fencing damaged,Dattathreya Temple
Lakes,Lake not maintained properly,Sampangiram Nagar
Advertisement,Flex and banners,Maruthi Seva Nagar
Road Maintenance(Engg),water leakage on road,Pattabhiram Nagar
E khata / Khata services,ekhata approval pending with ARO,Govindraja Nagara
E khata / Khata services,ekhata approval pending with ARO,Kaveripura
veterinary,Stray cattle related complaints,Sunkenahalli
Water Crisis,Water related issue,Govindraja Nagara
Road Maintenance(Engg),footpath encroachment,Radhakrishna Temple
Road Maintenance(Engg),footpath encroachment,Hanumantha Nagar
Traffic Engineer Cell (TEC),TEC,Lingarajapuram
Solid Waste (Garbage) Related,Dead animal(s),Yeshwanthpur
veterinary,Anti Rabies Vaccination of stray dogs,J.P.Park
Health Dept,Fogging,Cottonpet
Advertisement,Flex and banners,Shanthi Nagar
Road Maintenance(Engg),water leakage on road,Nandini Layout
Health Dept,Increase in mosquito density,HAL Airport
Parks and Play grounds,Issues Related to Parks/Medians/Circles/Island.,Hosakerehalli
E khata / Khata services,Ekhata missing in online,Mallasandra
veterinary,shifting of the street dogs to other places,Bapuji Nagar
Lakes,Lake being encroached,Hoysala Nagar
Storm  Water Drain(SWD),Sewerage water left in SWD,Vasanth Nagar
veterinary,Pet dog licence,H.M.T
E khata / Khata services,Khata / Ekhata mutation / transfer,Banaswadi
CORONA COVID19,Government regulations not being followed,Uttarahalli
Education,Academic Issues.,Uttarahalli
Advertisement,Unsafe Hoardings,A.Narayanapura
Solid Waste (Garbage) Related,Dead animal(s),Jakkasandra
Solid Waste (Garbage) Related,Garbage nuisance while transporting,Devasandra
Electrical,Requirement For New Street Lights,Dharmarayaswamy Temple Ward
Health Dept,Fogging,Kadugondanahalli
Road Maintenance(Engg),Overhanging cables,Chamrajpet
veterinary,Anti Rabies Vaccination of stray dogs,Ejipura
Solid Waste (Garbage) Related,Dead animal(s),Shivaji Nagar
Electrical,Open Electrical Junction Box,Byatarayanapura
Solid Waste (Garbage) Related,Garbage nuisance while transporting,Shettyhalli
Electrical,Street Lights Switched On During Day Time,Anjanapur
Solid Waste (Garbage) Related,Public dustbins not cleaned,Byrasandra
Parks and Play grounds,Environmental protection,Jayamahal
Road Maintenance(Engg),Potholes,Jayamahal
Indira Canteen,Others,K.R.Market
Electrical,Street Lights Switched On During Day Time,Shiva Nagar
Solid Waste (Garbage) Related,Garbage transfer not as per norms & area not kept clean,Maruthi Mandira Ward
Health Dept,Air/Noise pollution,Manorayanapalya
Road Maintenance(Engg),footpath encroachment,Hombegowda Nagar
Water Crisis,Water related issue,T-Dasarahalli
Electrical,Requirement For New Street Lights,Madiwala
Solid Waste (Garbage) Related,Public dustbins not cleaned,Mathikere
Road Maintenance(Engg),Potholes,T-Dasarahalli
veterinary,Animal Cruelty/Ill-Treated / Abused,Singasandra
Forest,Issues related Snakes/Birds/Monkeys,Mathikere
Road Maintenance(Engg),Road side drains,Agrahara Dasarahalli
E khata / Khata services,Other Khata / ekhata issues,Bapuji Nagar
E khata / Khata services,Other Khata / ekhata issues,Gurappanapalya
veterinary,Fatally injured - Needs immediate attention,Dr.Rajkumar Ward
Storm  Water Drain(SWD),Maintenance of SWD,Chalavadipalya
veterinary,Stray/Rabid dog bite,Subhash Nagar
Electrical,Requirement For New Street Lights,Hongasandra
Advertisement,Flex and banners,Dayananda Nagar
Electrical,Street Lights Switched On During Day Time,S.K.Garden
Solid Waste (Garbage) Related,Garbage dumping in vacant sites,Okalipuram
veterinary,Fatally injured - Needs immediate attention,Chowdeshwari Ward
Indira Canteen,Food Quality,Hemmigepura
Water Crisis,Water related issue,Uttarahalli
veterinary,Animal birth control/neutering of stray dogs,Koramangala
BBMP Election Branch,Epic Details Corrections,Kottigepalya
veterinary,Animal birth control/neutering of stray dogs,Konena Agrahara
Parks and Play grounds,Play Grounds,Sanjay Nagar
Electrical,Earthing Issue relate to Electric Poles/Panel Boards,Kadugodi
Health Dept,Air/Noise pollution,H.M.T
Health Dept,Air/Noise pollution,Vasanthapura
E khata / Khata services,Ekhata missing in online,Vijanapura
Advertisement,Unsafe Hoardings,Banaswadi
Revenue Department,Discrepancy In Khata Certificate and Khata Extract,Madiwala
Road Maintenance(Engg),UnAuthorised Constructions,Someshwara
Lakes,Lake being encroached,K.R.Puram
veterinary,Anti Rabies Vaccination of stray dogs,Sri Nagar
Road Maintenance(Engg),Overhanging cables,Adugodi
Solid Waste (Garbage) Related,Burning of Garbage in Open Space,Ganga Nagar
Sanitation,Public toilet(s) cleaning,Kumaraswamy Layout
Health Dept,Unhygienic premises in Hotel etc,Hemmigepura
Advertisement,Unsafe Hoardings,Manorayanapalya
Forest,Issues related Snakes/Birds/Monkeys,Vishwanathnagenahalli
E khata / Khata services,Ekhata - name correction,Sarvagna Nagar
veterinary,Animal died post surgery,Ramaswamy Palya
Town Planning,Construction not done as per approved plan (Building Bye Law Violations),Dodda Bidarkallu
veterinary,Dog bite pet dog,Someshwara
Sanitation,Public toilet(s) cleaning,H.M.T
Solid Waste (Garbage) Related,Public dustbins not cleaned,Marenahalli
Solid Waste (Garbage) Related,Garbage transfer not as per norms & area not kept clean,Yadiyuru
veterinary,Stray/Rabid dog bite,Ulsoor
Health Dept,Unhygienic premises in Hotel etc,Basavanagudi
Health Dept,Delay in issue of Trade licence,Rajamahal
veterinary,Stray cattle related complaints,Bilekahalli
Road Maintenance(Engg),Road cutting,S.K.Garden
Revenue Department,Khata Services (Registration, Transfer, Bifurcation and Amalgamation),Nagapura
Road Maintenance(Engg),UnAuthorised Constructions,Jogupalya
veterinary,Animal Rescue - Not well - Requires attention,Nagapura
veterinary,Request for ABC,Kavalbyrasandra
Revenue Department,Khata Services (Registration, Transfer, Bifurcation and Amalgamation),Chamrajpet
E khata / Khata services,Other Khata / ekhata issues,Vijanapura
Electrical,Street Lights Switched On During Day Time,Karisandra
Road Maintenance(Engg),Road cutting,Padarayanapura
Electrical,Earthing Issue relate to Electric Poles/Panel Boards,Banaswadi
Indira Canteen,Food Quality,Jakkur
Indira Canteen,Staff Related,Jakkur
E khata / Khata services,Other Khata / ekhata issues,Sunkenahalli
Education,Academic Issues.,Malleshwaram
Property Tax services,Property tax refund / adjustment,Someshwara
E khata / Khata services,eKhata - name Mismatch,Gottigere
Lakes,Dumping of construction & Demolition waste in to lake,Kempegowda Ward
veterinary,Animal birth control/neutering of stray dogs,Vasanth Nagar
Road Maintenance(Engg),Debris Removal / Construction Material,Vidyapeetha
E khata / Khata services,Ekhata - name correction,Rajaji Nagar
Storm  Water Drain(SWD),Sewerage water left in SWD,Doddabommasandra
E khata / Khata services,Khata / Ekhata mutation / transfer,Jagajeevanram Nagar
Education,Parent-Teachers Meeting,Padmanabha Nagar
Revenue Department,Khata Services (Registration, Transfer, Bifurcation and Amalgamation),Doddabommasandra
Solid Waste (Garbage) Related,Complaint against SW collector/ SWM official for violation of SWM Rules,Jayanagar East
Advertisement,Flex and banners,Vijanapura
Electrical,Requirement For New Street Lights,Bapuji Nagar
Solid Waste (Garbage) Related,Segregation of waste is not done,Kuvempu Nagar
it's road sweeping concerned department do the action,BBMP Whatsapp/Customer Support Representative,,
Sanitation,Urination in Public/Open Defecation,Attiguppe
Parks and Play grounds,Issues Related to Parks/Medians/Circles/Island.,Madiwala
Electrical,Park Lights Not Working,Jogupalya
E khata / Khata services,Other Khata / ekhata issues,Jayangar
Storm  Water Drain(SWD),Garbage thrown in storm water drain,Katriguppe
Indira Canteen,Food Quality,Basavanagudi
Forest,Issues related Snakes/Birds/Monkeys,Jayangar
Forest,Issues related Snakes/Birds/Monkeys,Jayanagar East
Revenue Department,Others (JC),J.P.Nagar
Health Dept,Fogging,Dattathreya Temple
Road Infrastructure,Road Infrastructure,Gottigere
Indira Canteen,Food Quality,Kuvempu Nagar
Road Maintenance(Engg),UnAuthorised Constructions,Attiguppe
Road Maintenance(Engg),Overhanging cables,Marathalli
Town Planning,Noise during Building Construction,Shakthiganapathi Nagar
E khata / Khata services,Other Khata / ekhata issues,Attiguppe
E khata / Khata services,Ekhata - name correction,Ramaswamy Palya
Road Maintenance(Engg),footpath encroachment,HAL Airport
veterinary,Dog bite pet dog,HBR Layout
Solid Waste (Garbage) Related,Burning of Garbage in Open Space,Adugodi
Revenue Department,Others (JC),Hanumantha Nagar
E khata / Khata services,Other Khata / ekhata issues,Binnipet
Revenue Department,Unable to generate the property tax challan,Nandini Layout
Water Crisis,Water related issue,Kempegowda Ward
E khata / Khata services,Other Khata / ekhata issues,Chokkasandra
Storm  Water Drain(SWD),Maintenance of SWD,Lingarajapuram
Road Maintenance(Engg),Road side drains,Katriguppe
veterinary,Animal birth control/neutering of stray dogs,Siddapura
Revenue Department,Unable to Generate the receipt after property tax payment.,Hampi Nagar
Solid Waste (Garbage) Related,Complaint against SW collector/ SWM official for violation of SWM Rules,Byrasandra
Advertisement,Unsafe Hoardings,Gottigere
Solid Waste (Garbage) Related,Public dustbins not cleaned,Hagadooru
Indira Canteen,Staff Related,Kavalbyrasandra
Sanitation,Urination in Public/Open Defecation,Sagayapuram
veterinary,Stray cattle related complaints,Vidyapeetha
Electrical,Requirement For New Street Lights,Neelasandra
Health Dept,Increase in mosquito density,Bommanahalli
Parks and Play grounds,Environmental protection,Benniganahalli
veterinary,Stray/Rabid dog bite,Hongasandra
Optical Fiber Cables (OFC),Without permission digging of road,Bharathi Nagar
Forest,Issues related Snakes/Birds/Monkeys,Byrasandra
Sanitation,Public toilet(s) blockage,Vijay Nagar
Markets,Encroachment,Attiguppe
Information Technology,App Related Issues,Banaswadi
The new category has been created as Road Infrastructure,Major Roads,
Revenue Department,Others (JC),Ramaswamy Palya
Road Maintenance(Engg),UnAuthorised Constructions,Subramanya Nagar
Health Dept,Air/Noise pollution,Gali Anjaneya Swamy Temple Ward
Electrical,Park Lights Not Working,C.V.Raman Nagar
Others,Others,Ramaswamy Palya
Road Maintenance(Engg),UnAuthorised Constructions,Nagarabhavi
Road Infrastructure,Road Infrastructure,Devasandra
Traffic Engineer Cell (TEC),TEC,Vasanth Nagar
Water Crisis,Water related issue,Azad Nagar
Road Maintenance(Engg),water stagnation,Nandini Layout
veterinary,Request for ABC,Hoodi
Forest,obstructions Branches / Trees.,Sagayapuram
Parks and Play grounds,Environmental protection,Ganeshmandira Ward
Indira Canteen,Cleanliness of Canteen /Food Area,Sagayapuram
Electrical,Park Lights Not Working,A.Narayanapura
Electrical,Earthing Issue relate to Electric Poles/Panel Boards,Shettyhalli
Indira Canteen,Others,Kammanahalli
Electrical,Requirement For New Street Lights,Maruthi Seva Nagar
Indira Canteen,Others,Hampi Nagar
Road Maintenance(Engg),Potholes,Karisandra
Revenue Department,Unable to Generate the receipt after property tax payment.,Shanthi Nagar
Electrical,Requirement For New Street Lights,Byrasandra
Revenue Department,Discrepancy In Khata Certificate and Khata Extract,Shanthi Nagar
Revenue Department,Khata Services (Registration, Transfer, Bifurcation and Amalgamation),Binnipet
E khata / Khata services,Other Khata / ekhata issues,Sudam Nagar
veterinary,"Pet licensing / Pet shop licensing  / Breeder licensing ",Herohalli
Electrical,Park Lights Not Working,BTM Layout
Revenue Department,Khata Services (Registration, Transfer, Bifurcation and Amalgamation),Vannarpet
Solid Waste (Garbage) Related,Public dustbins not cleaned,Anjanapur
Road Infrastructure,Road Infrastructure,Sagayapuram
Indira Canteen,Staff Related,Hoodi
Revenue Department,Khata Services (Registration, Transfer, Bifurcation and Amalgamation),Kottigepalya
Education,Infrastructure related Issues.,Horamavu
E khata / Khata services,Ekhata Area Correction,Rajarajeshwari Nagar
Indira Canteen,Billing related,Gandhi Nagar
Solid Waste (Garbage) Related,Segregation of waste is not done,K.R.Puram
Sanitation,Urination in Public/Open Defecation,Sudduguntepalya
veterinary,Pet dog licence,Nagavara
Electrical,Earthing Issue relate to Electric Poles/Panel Boards,Ganga Nagar
Welfare Schemes,Schemes Related to Physically Abled Person,Vidyaranyapura
veterinary,Stray/Rabid dog bite,Nandini Layout
Electrical,Street Lights Switched On During Day Time,Kammanahalli
veterinary,Stray/Rabid dog bite,Kadugondanahalli
veterinary,Feeder Harassment by Association / Gated Community,Hoodi
veterinary,Feeder Harassment by Association / Gated Community,Singasandra
Health Dept,Air/Noise pollution,Laggere
Road Maintenance(Engg),Potholes,Siddapura
Indira Canteen,Food Quality,Dodda Bidarkallu
E khata / Khata services,Ekhata Area Correction,Govindraja Nagara
Health Dept,Zonal Violation of the Building,Gottigere
Sanitation,Public toilet(s) blockage,Hagadooru
veterinary,Request for ABC,Konena Agrahara
Road Maintenance(Engg),UnAuthorised Constructions,Pulikeshi Nagar
E khata / Khata services,Other Khata / ekhata issues,Rayapuram
Parks and Play grounds,Issues Related to Parks/Medians/Circles/Island.,Mangammanapalya
veterinary,Dog bite pet dog,Horamavu
Indira Canteen,Food Quality,Yeshwanthpur
veterinary,Anti Rabies Vaccination of stray dogs,Laggere
E khata / Khata services,Ekhata Area Correction,Doddanekkundi
Storm  Water Drain(SWD),Sewerage water left in SWD,Anjanapur
veterinary,Animal birth control/neutering of stray dogs,Sarvagna Nagar
Advertisement,Unsafe Hoardings,Shanthala Nagar
Forest,Issues related Snakes/Birds/Monkeys,Uttarahalli
Health Dept,Increase in mosquito density,Manorayanapalya
CORONA COVID19,Government regulations not being followed,Yelachenahalli
Revenue Department,Khata Services (Registration, Transfer, Bifurcation and Amalgamation),Jayamahal
veterinary,Animal Cruelty/Ill-Treated / Abused,J.P.Nagar
Road Maintenance(Engg),Road side drains,Kushal Nagar
Health Dept,Increase in mosquito density,Jayamahal
Electrical,Earthing Issue relate to Electric Poles/Panel Boards,Hoodi
E khata / Khata services,Ekhata - name correction,Nagavara
Road Infrastructure,Road Infrastructure,Mahalakshmipuram
Revenue Department,Unable to generate the property tax challan,Jayamahal
E khata / Khata services,Ekhata missing in online,Devasandra
Traffic Engineer Cell (TEC),TEC,Jayachamarajendra Nagar
E khata / Khata services,Ekhata Other corrections,Deepanjali Nagar
E khata / Khata services,Khata / Ekhata mutation / transfer,Byatarayanapura
Advertisement,Flex and banners,Hombegowda Nagar
E khata / Khata services,Ekhata in previous owner name,Garudacharpalya
Health Dept,Air/Noise pollution,Sarakki
Electrical,Street Lights Switched On During Day Time,Garudacharpalya
Storm  Water Drain(SWD),Sewerage water left in SWD,Konena Agrahara
veterinary,shifting of the street dogs to other places,HSR Layout
Indira Canteen,Food Quantity,Hegganahalli
Advertisement,Flex and banners,Jakkur
Solid Waste (Garbage) Related,Dead animal(s),Chowdeshwari Ward
Solid Waste (Garbage) Related,Garbage nuisance while transporting,Mallasandra
veterinary,Pet dog licence,Rajagopala Nagar
Projects Central,Potholes,Dr.Rajkumar Ward
Indira Canteen,Staff Related,Kadugodi
Electrical,Park Lights Not Working,Sri Rammandira
Call Center,others,Aramane Nagar
veterinary,Request for ABC,Konanakunte
Call Center,others,Horamavu
Traffic Engineer Cell (TEC),TEC,Bharathi Nagar
E khata / Khata services,Ekhata - name correction,Koramangala
Road Maintenance(Engg),UnAuthorised Constructions,Adugodi
Health Dept,Dengue positive,J.P.Park
E khata / Khata services,Ekhata missing in online,Lakshmidevi Nagar
E khata / Khata services,Ekhata missing in online,Kaveripura
E khata / Khata services,ekhata approval pending with ARO,Jakkasandra
Advertisement,Flex and banners,Nayandanahalli
Projects Central,Potholes,Banaswadi
Forest,Issues related Snakes/Birds/Monkeys,Kuvempu Nagar
E khata / Khata services,Khata / Ekhata mutation / transfer,Prakash Nagar
veterinary,shifting of the street dogs to other places,Nandini Layout
E khata / Khata services,Ekhata in previous owner name,Hoodi
E khata / Khata services,Ekhata Area Correction,A.Narayanapura
Road Maintenance(Engg),Footpath,Nandini Layout
Solid Waste (Garbage) Related,Public dustbins not cleaned,Domlur
Town Planning,Construction not done as per approved plan (Building Bye Law Violations),Horamavu
Electrical,Requirement For New Street Lights,Shankaramata
E khata / Khata services,Khata / Ekhata mutation / transfer,Ejipura
veterinary,shifting of the street dogs to other places,Arakere
Indira Canteen,Staff Related,Shanthala Nagar
Electrical,Park Lights Not Working,Kavalbyrasandra
Health Dept,Zonal Violation of the Building,Banaswadi
Health Dept,Air/Noise pollution,Kammanahalli
veterinary,Animal Cruelty/Relocated,Newthippasandra
Indira Canteen,Others,Kengeri
Electrical,Requirement For New Street Lights,Garudacharpalya
veterinary,Animal Cruelty/Relocated,Banashankari Temple Ward
Health Dept,Spraying,Shankaramata
Road Maintenance(Engg),Overhanging cables,Pattabhiram Nagar
Road Maintenance(Engg),Road cutting,Sagayapuram
Lakes,Dumping of garbage into lake,Ulsoor
Solid Waste (Garbage) Related,Garbage nuisance while transporting,Lakkasandra
Health Dept,Air/Noise pollution,Hanumantha Nagar
Town Planning,Delay in issuing building permit,Kavalbyrasandra
Call Center,Call center Issues,Prakash Nagar
E khata / Khata services,Other Khata / ekhata issues,Devarajeevanahalli
Electrical,Street Lights Switched On During Day Time,Basavanagudi
Information Technology,App Related Issues,Shanthi Nagar
and for certain complaints,the image is also required.,
Information Technology,App Related Issues,Kuvempu Nagar
the citizen may reopen the complaint twice in accordance with the procedure.,,
Solid Waste (Garbage) Related,Garbage transfer not as per norms & area not kept clean,Nagarabhavi
Optical Fiber Cables (OFC),Without permission digging of road,Kacharakanahalli
Solid Waste (Garbage) Related,Complaint against SW collector/ SWM official for violation of SWM Rules,Kammanahalli
Advertisement,Flex and banners,Laggere
Solid Waste (Garbage) Related,Dead animal(s),Karisandra
Indira Canteen,Cleanliness,Shanthala Nagar
Electrical,Street Lights Switched On During Day Time,Lakkasandra
Revenue Department,Others (JC),Attiguppe
Road Infrastructure,Road Infrastructure,Jalahalli
Road Maintenance(Engg),Overhanging cables,Agaram
Indira Canteen,Food Quality,Chamrajpet
Town Planning,UnAuthorised Building Constructions,Ramamurthy Nagar
Sanitation,Public toilet(s) cleaning,Newthippasandra
veterinary,Anti Rabies Vaccination of stray dogs,Jalahalli
Indira Canteen,Food Quantity,Ullalu
CORONA COVID19,Overcharging,T-Dasarahalli
E khata / Khata services,Ekhata - name correction,Sampangiram Nagar
Health Dept,Dengue positive,Gali Anjaneya Swamy Temple Ward
E khata / Khata services,Ekhata Other corrections,Karisandra
Revenue Department,Others (JC),Yeshwanthpur
Road Maintenance(Engg),water stagnation,Kammanahalli
BBMP Election Branch,Electoral Roll Objections,Sri Rammandira
Lakes,Lake being encroached,Agaram
Indira Canteen,Others,Banaswadi
E khata / Khata services,Ekhata missing in online,K.R.Market
Optical Fiber Cables (OFC),Without permission digging of road,Prakash Nagar
veterinary,Request for ABC,Thanisandra
Sanitation,Public toilet(s) cleaning,Shanthi Nagar
E khata / Khata services,Khata / Ekhata mutation / transfer,Hosahalli
Electrical,Street Lights Switched On During Day Time,Sanjay Nagar
Parks and Play grounds,Play Grounds,Giri Nagar
veterinary,Fatally injured - Needs immediate attention,Jayachamarajendra Nagar
veterinary,Stray cattle related complaints,Deepanjali Nagar
veterinary,Anti Rabies Vaccination of stray dogs,Bilekahalli
Health Dept,Unhygienic premises in Hotel etc,Domlur
veterinary,Stray/Rabid dog bite,Chamrajpet
veterinary,Animal Death Need cremartion support,Kodigehalli
Health Dept,Air/Noise pollution,Hombegowda Nagar
Health Dept,Spraying,Hongasandra
Electrical,Park Lights Not Working,Puttenahalli
veterinary,Stray cattle related complaints,Kodigehalli
veterinary,Stray cattle related complaints,Jalahalli
Revenue Department,Khata Services (Registration, Transfer, Bifurcation and Amalgamation),Kadugondanahalli
Lakes,Dumping of construction & Demolition waste in to lake,Varthur
Town Planning,Construction not done as per approved plan (Building Bye Law Violations),Karisandra
Road Maintenance(Engg),UnAuthorised Constructions,Konena Agrahara
Revenue Department,Discrepancy In Khata Certificate and Khata Extract,Sunkenahalli
Revenue Department,Others (JC),Uttarahalli
Khata No.1170/12/1A1A2,Anjanadri Sunrise,K.R. Layout
as confirmed by the officials of BBMP Bommanahalli Medical Officer of Health (ಸಂಖ್ಯೆ: ಆ.ವೈ(ಬೊ.ವ)/ಆರ್.ಟಿ.ಐ/61/2024-25).,,
Forest,Issues related Snakes/Birds/Monkeys,Nagapura
E khata / Khata services,Other Khata / ekhata issues,Hombegowda Nagar
Property Tax services,Other property tax issues,Byatarayanapura
Road Maintenance(Engg),UnAuthorised Constructions,Subhash Nagar
E khata / Khata services,Other Khata / ekhata issues,Hampi Nagar
Electrical,Street Lights Switched On During Day Time,Pulikeshi Nagar
Advertisement,Unsafe Hoardings,Sudam Nagar
E khata / Khata services,Other Khata / ekhata issues,Kottigepalya
veterinary,Pet dog licence,Ullalu
Health Dept,Spraying,Banaswadi
veterinary,Fatally injured - Needs immediate attention,Bharathi Nagar
Health Dept,Dengue positive,Kushal Nagar
Health Dept,Dengue positive,Yelachenahalli
Road Maintenance(Engg),UnAuthorised Constructions,Lingarajapuram
Property Tax services,Property tax owner name not updated,Dodda Bidarkallu
E khata / Khata services,Ekhata in previous owner name,Singasandra
Solid Waste (Garbage) Related,Burning of Garbage in Open Space,Kempapura Agrahara
veterinary,Feeder Harassment  by Individual / Mob but no association,Jayangar
E khata / Khata services,Ekhata - name correction,Vrushabhavati Nagar
Indira Canteen,Staff Related,Ullalu
Health Dept,Air/Noise pollution,Chikkalasandra
veterinary,Feeder Harassment  by Individual / Mob but no association,Gottigere
Electrical,Requirement For New Street Lights,H.M.T
Electrical,Earthing Issue relate to Electric Poles/Panel Boards,Pulikeshi Nagar
veterinary,Stray cattle related complaints,H.M.T
Indira Canteen,Others,Benniganahalli
Solid Waste (Garbage) Related,Garbage transfer not as per norms & area not kept clean,Padarayanapura
Solid Waste (Garbage) Related,Garbage nuisance while transporting,Dr.Rajkumar Ward
Electrical,Requirement For New Street Lights,Chalavadipalya
Electrical,Open Electrical Junction Box,Giri Nagar
veterinary,Aged street dogs please take action,Herohalli
Indira Canteen,Others,Maruthi Mandira Ward
veterinary,Stray/Rabid dog bite,H.M.T
Electrical,Earthing Issue relate to Electric Poles/Panel Boards,Marathalli
Town Planning,Construction not done as per approved plan (Building Bye Law Violations),Ramamurthy Nagar
Traffic Engineer Cell (TEC),TEC,Jaraganahalli
Health Dept,Indira Canteen,Chokkasandra
Road Maintenance(Engg),Footpath,Okalipuram
Traffic Engineer Cell (TEC),TEC,Kacharakanahalli
veterinary,Pet dog licence,Kacharakanahalli
veterinary,Street dogs attacking-pet Dogs,Varthur
Town Planning,UnAuthorised Building Constructions,Visvesvarapuram
Sanitation,Public toilet(s) cleaning,Chalavadipalya
Electrical,Earthing Issue relate to Electric Poles/Panel Boards,Shivaji Nagar
E khata / Khata services,Ekhata in previous owner name,Ganga Nagar
E khata / Khata services,eKhata - name Mismatch,Newthippasandra
Electrical,Open Electrical Junction Box,Jalahalli
Indira Canteen,Food Quantity,T-Dasarahalli
Electrical,Open Electrical Junction Box,Anjanapur
Storm  Water Drain(SWD),Garbage thrown in storm water drain,Kushal Nagar
Road Maintenance(Engg),water leakage on road,Dr.Rajkumar Ward
Water Crisis,Water related issue,Vasanthapura
veterinary,Stray/Rabid dog bite,Marenahalli
Electrical,Street Lights Switched On During Day Time,Subramanya Nagar
veterinary,Animal Death Need to file FIR,BTM Layout
E khata / Khata services,eKhata - name Mismatch,Hagadooru
Health Dept,Unhygienic premises in Hotel etc,A.Narayanapura
Health Dept,Spraying,Siddapura
Health Dept,Indira Canteen,Hegganahalli
Town Planning,Noise during Building Construction,Hagadooru
Town Planning,UnAuthorised Building Constructions,Horamavu
veterinary,Anti Rabies Vaccination of stray dogs,Kushal Nagar
Electrical,Open Electrical Junction Box,Thanisandra
Revenue Department,Unable to generate the property tax challan,Jayangar
Property Tax services,Property tax refund / adjustment,Benniganahalli
Advertisement,Flex and banners,Neelasandra
Property Tax services,Unable to generate receipt after property tax payment,Benniganahalli
Property Tax services,Other property tax issues,Benniganahalli
veterinary,Awareness session / Request for a session,A.Narayanapura
Town Planning,Construction not done as per approved plan (Building Bye Law Violations),K.R.Puram
E khata / Khata services,Other Khata / ekhata issues,Giri Nagar
Health Dept,Dengue positive,Marenahalli
Revenue Department,Unable to Generate the receipt after property tax payment.,Bommanahalli
Health Dept,Increase in mosquito density,Govindraja Nagara
Revenue Department,Unable to generate the property tax challan,Shiva Nagar
Indira Canteen,Food Quality,Nagarabhavi
Indira Canteen,Others,Nagarabhavi
Indira Canteen,Others,Attiguppe
E khata / Khata services,ekhata approval pending with ARO,Domlur
veterinary,Animal birth control/neutering of stray dogs,Gayathri Nagar
CORONA COVID19,Overcharging,Benniganahalli
Lakes,Lake gates are not opened as per the prescribed timing,Chokkasandra
Revenue Department,Others (JC),Banaswadi
E khata / Khata services,ekhata approval pending with ARO,Shiva Nagar
E khata / Khata services,ekhata approval pending with ARO,Sri Nagar
E khata / Khata services,eKhata - name Mismatch,C.V.Raman Nagar
E khata / Khata services,Ekhata - name correction,Vidyapeetha
Water Crisis,Water related issue,BTM Layout
veterinary,Request for ABC,Hemmigepura
veterinary,Request for ARV,Hemmigepura
Forest,Issues related Snakes/Birds/Monkeys,H.M.T
Forest,Issues related Snakes/Birds/Monkeys,Peenya Industrial Area
veterinary,Request for ABC,Attiguppe
Advertisement,Flex and banners,Prakash Nagar
Projects Central,Potholes,Kadugondanahalli
Markets,Illegal Parking,Yelachenahalli
Electrical,Earthing Issue relate to Electric Poles/Panel Boards,Byatarayanapura
Revenue Department,Khata Services (Registration, Transfer, Bifurcation and Amalgamation),Jalahalli
Education,Infrastructure related Issues.,Yelachenahalli
Health Dept,Unhygienic premises in Hotel etc,Subedarapalya
Revenue Department,Discrepancy In Khata Certificate and Khata Extract,C.V.Raman Nagar
Welfare Schemes,Women Welfare Program,Uttarahalli
Town Planning,UnAuthorised Building Constructions,Hagadooru
E khata / Khata services,Other Khata / ekhata issues,Kadugondanahalli
Town Planning,UnAuthorised Building Constructions,Chikkalasandra
E khata / Khata services,Other Khata / ekhata issues,Mallasandra
Indira Canteen,Food Quality,Shivaji Nagar
veterinary,Anti Rabies Vaccination of stray dogs,Mallasandra
Road Maintenance(Engg),water leakage on road,Bommanahalli
Welfare Schemes,Schemes Related to BCM Program,Byatarayanapura
Road Maintenance(Engg),Footpath,Basaveshwara Nagar
Health Dept,Spraying,Garudacharpalya
Storm  Water Drain(SWD),Sewerage water left in SWD,Yelachenahalli
Parks and Play grounds,Environmental protection,Hoodi
Indira Canteen,Food Quality,Sampangiram Nagar
veterinary,Stray/Rabid dog bite,Neelasandra
Health Dept,Spraying,Gangenahalli
veterinary,Stray/Rabid dog bite,Jeevanbhima Nagar
Solid Waste (Garbage) Related,Garbage transfer not as per norms & area not kept clean,Subedarapalya
Welfare Schemes,Schemes Related to BCM Program,Jakkur
Electrical,Open Electrical Junction Box,Kodigehalli
veterinary,Animal Cruelty/Ill-Treated / Abused,Bommanahalli
veterinary,Mutton/Chicken/fish stall Unhygienic maintenance,Dharmarayaswamy Temple Ward
Town Planning,UnAuthorised Building Constructions,Singasandra
veterinary,Request for ABC,Uttarahalli
Electrical,Street Lights Switched On During Day Time,H.M.T
E khata / Khata services,new Khata / Ekhata registration / creation,Hoysala Nagar
Storm  Water Drain(SWD),Sewerage water left in SWD,Ganeshmandira Ward
veterinary,Animal birth control/neutering of stray dogs,Gali Anjaneya Swamy Temple Ward
E khata / Khata services,new Khata / Ekhata registration / creation,Newthippasandra
Solid Waste (Garbage) Related,Garbage nuisance while transporting,Yelachenahalli
Lakes,Dumping of garbage into lake,Garudacharpalya
Solid Waste (Garbage) Related,Garbage nuisance while transporting,Sarvagna Nagar
Revenue Department,Khata Services (Registration, Transfer, Bifurcation and Amalgamation),S.K.Garden
E khata / Khata services,Khata / Ekhata mutation / transfer,Marenahalli
Solid Waste (Garbage) Related,Garbage nuisance while transporting,Kavalbyrasandra
E khata / Khata services,Ekhata - name correction,Vishwanathnagenahalli
Electrical,Requirement For New Street Lights,Bharathi Nagar
Indira Canteen,Food Quality,Siddapura
Indira Canteen,Staff Related,K.R.Puram
Advertisement,Flex and banners,Kuvempu Nagar
Sanitation,Urination in Public/Open Defecation,Sudam Nagar
Parks and Play grounds,Issues Related to Parks/Medians/Circles/Island.,Sudam Nagar
Forest,Issues related Snakes/Birds/Monkeys,Kengeri
veterinary,Request for ABC,Chokkasandra
Health Dept,Birth & Death Registration,Garudacharpalya
veterinary,Animal Rescue - Not well - Requires attention,Kuvempu Nagar
Solid Waste (Garbage) Related,Garbage dumping in vacant sites,Konena Agrahara
E khata / Khata services,Ekhata - name correction,Kuvempu Nagar
Revenue Department,Unable to Generate the receipt after property tax payment.,Doddanekkundi
veterinary,Dog, cat Poor conditions / Breeding license validation,HSR Layout
Town Planning,UnAuthorised Building Constructions,H.M.T
veterinary,Dog, cat Poor conditions / Breeding license validation,Bommanahalli
E khata / Khata services,ekhata approval pending with ARO,Devarajeevanahalli
,Shobha /ARO,,
Indira Canteen,Food Quality,Shakthiganapathi Nagar
veterinary,Animal Cruelty/Relocated,Kottigepalya
Road Maintenance(Engg),Footpath,Moodalapalya
Call Center,Call center Issues,Rajamahal
after approval we will do it,Shankar Murthy/HS,,
Sanitation,Urination in Public/Open Defecation,Subedarapalya
E khata / Khata services,ekhata approval pending with ARO,Gali Anjaneya Swamy Temple Ward
Solid Waste (Garbage) Related,Public dustbins not cleaned,Gangenahalli
veterinary,Pet dog licence,HBR Layout
veterinary,Mutton/Chicken/fish stall Unhygienic maintenance,Kempegowda Ward
Town Planning,Construction not done as per approved plan (Building Bye Law Violations),Hagadooru
Parks and Play grounds,Issues Related to Parks/Medians/Circles/Island.,Jakkur
Health Dept,Fogging,Hoysala Nagar
Electrical,Park Lights Not Working,Gottigere
but replacement will take time,Shankar Murthy/HS,,
E khata / Khata services,Ekhata in previous owner name,HAL Airport
Revenue Department,Khata Services (Registration, Transfer, Bifurcation and Amalgamation),Pattabhiram Nagar
Health Dept,Dengue positive,Basavanagudi
Health Dept,Fogging,Chamrajpet
Storm  Water Drain(SWD),Sewerage water left in SWD,Gottigere
Revenue Department,Discrepancy In Khata Certificate and Khata Extract,Yadiyuru
Health Dept,Unhygienic premises in Hotel etc,Jayachamarajendra Nagar
Traffic Engineer Cell (TEC),TEC,Domlur
veterinary,Pet dog licence,Kottigepalya
Health Dept,Indira Canteen,K.R.Market
Projects Central,Stagnation of water on road/ Water logging,Jakkur
Revenue Department,Others (JC),Chikkalasandra
E khata / Khata services,new Khata / Ekhata registration / creation,Thanisandra
Road Maintenance(Engg),UnAuthorised Constructions,T-Dasarahalli
Solid Waste (Garbage) Related,Garbage nuisance while transporting,Sagayapuram
veterinary,Animal Cruelty/Ill-Treated / Abused,Basavanapura
Health Dept,Unhygienic premises in Hotel etc,Chikpete
veterinary,Stray dog related complaints,Sagayapuram
Electrical,Street Lights Switched On During Day Time,Konanakunte
Road Maintenance(Engg),Overhanging cables,Kavalbyrasandra
Health Dept,Delay in issue of Trade licence,Banaswadi
Indira Canteen,Others,Subedarapalya
Health Dept,Unavailability of staff,Someshwara
Advertisement,Unsafe Hoardings,Jnanabharathi Ward
Health Dept,Air/Noise pollution,Konanakunte
Forest,obstructions Branches / Trees.,Prakash Nagar
Electrical,Street Lights Switched On During Day Time,Nagapura
Health Dept,Unhygienic premises in Hotel etc,Hagadooru
Health Dept,Fogging,H.M.T
Optical Fiber Cables (OFC),Without permission digging of road,Kengeri
Road Maintenance(Engg),Overhanging cables,Vidyaranyapura
veterinary,Feeder Harassment by Association / Gated Community,Newthippasandra
veterinary,Pet dog licence,Chikpete
Electrical,Open Electrical Junction Box,Arakere
veterinary,Animal Cruelty/Ill-Treated / Abused,Gottigere
Electrical,Earthing Issue relate to Electric Poles/Panel Boards,Jayamahal
veterinary,Awareness session / Request for a session,Koramangala
Town Planning,UnAuthorised Building Constructions,Rajaji Nagar
Indira Canteen,Staff Related,Rajarajeshwari Nagar
Lakes,Lake not maintained properly,Chokkasandra
veterinary,Animal Cruelty/Relocated,Shanthi Nagar
veterinary,Stray cattle related complaints,Kengeri
Solid Waste (Garbage) Related,Public dustbins not cleaned,Herohalli
Solid Waste (Garbage) Related,Garbage transfer not as per norms & area not kept clean,Pulikeshi Nagar
Solid Waste (Garbage) Related,Garbage nuisance while transporting,Muneshwara Nagar
E khata / Khata services,Ekhata missing in online,H.M.T
Electrical,Open Electrical Junction Box,Varthur
Revenue Department,Discrepancy In Khata Certificate and Khata Extract,Jayanagar East
Health Dept,Dengue positive,Jalahalli
E khata / Khata services,Ekhata Other corrections,Giri Nagar
E khata / Khata services,Ekhata in previous owner name,Kempegowda Ward
Welfare Schemes,Onti Mane,K.R.Market
veterinary,Fatally injured - Needs immediate attention,Gangenahalli
veterinary,Stray pig related complaints,Lingarajapuram
E khata / Khata services,Ekhata - name correction,Mangammanapalya
Health Dept,Unhygienic premises in Hotel etc,Sri Rammandira
Town Planning,UnAuthorised Building Constructions,BTM Layout
Solid Waste (Garbage) Related,Garbage transfer not as per norms & area not kept clean,Hanumantha Nagar
Water Crisis,Water related issue,Yadiyuru
Indira Canteen,Food Quantity,Attiguppe
veterinary,Stray cattle related complaints,Jayamahal
Lakes,Lake being encroached,Jakkur
Solid Waste (Garbage) Related,Complaint against SW collector/ SWM official for violation of SWM Rules,Rajamahal
Electrical,Requirement For New Street Lights,Govindraja Nagara
veterinary,Animal Cruelty/Relocated,Nandini Layout
Traffic Engineer Cell (TEC),TEC,Radhakrishna Temple
Markets,Encroachment,K.R.Market
Revenue Department,Unable to Generate the receipt after property tax payment.,Gandhi Nagar
Advertisement,Unsafe Hoardings,Thanisandra
Revenue Department,Khata Services (Registration, Transfer, Bifurcation and Amalgamation),Gandhi Nagar
Health Dept,Unavailability of staff,T-Dasarahalli
E khata / Khata services,Ekhata - name correction,Marenahalli
veterinary,Animal Cruelty/Relocated,Gottigere
Town Planning,UnAuthorised Building Constructions,Sunkenahalli
Welfare Schemes,Issues Regarding SC/ST Schemes.,Rajarajeshwari Nagar
Storm  Water Drain(SWD),Sewerage water left in SWD,Jayachamarajendra Nagar
Advertisement,Unsafe Hoardings,Sudduguntepalya
Information Technology,Others(Technical or Software Issues),Shanthala Nagar
please reload the application,add a description,
Water Crisis,Water related issue,Rajarajeshwari Nagar
Health Dept,Zonal Violation of the Building,Rajarajeshwari Nagar
Parks and Play grounds,Issues Related to Parks/Medians/Circles/Island.,Jogupalya
Road Maintenance(Engg),footpath encroachment,Puttenahalli
Road Maintenance(Engg),footpath encroachment,Cottonpet
E khata / Khata services,new Khata / Ekhata registration / creation,Marenahalli
Electrical,Requirement For New Street Lights,Jalahalli
Town Planning,Delay in issuing building permit,Dodda Bidarkallu
Welfare Schemes,Issues Regarding SC/ST Schemes.,Shanthala Nagar
Town Planning,Delay in issuing building permit,Hemmigepura
E khata / Khata services,eKhata amalgamation,Hemmigepura
E khata / Khata services,eKhata - name Mismatch,Kuvempu Nagar
E khata / Khata services,Other Khata / ekhata issues,Agrahara Dasarahalli
E khata / Khata services,Ekhata Area Correction,Benniganahalli
Road Maintenance(Engg),water leakage on road,Hebbal
Solid Waste (Garbage) Related,Dead animal(s),Rayapuram
veterinary,Request for ABC,Chikkalasandra
Road Maintenance(Engg),water stagnation,Padarayanapura
Welfare Schemes,Onti Mane,Nayandanahalli
Estate,Encroachment,Kamakshipalya
Health Dept,Dengue positive,Hegganahalli
001/-,,
419/-,,
Road Maintenance(Engg),Overhanging cables,Kodigehalli
Solid Waste (Garbage) Related,Garbage transfer not as per norms & area not kept clean,Basavanapura
Road Maintenance(Engg),UnAuthorised Constructions,Herohalli
Information Technology,Others(Technical or Software Issues),Vasanthapura
Road Maintenance(Engg),Overhanging cables,K.R.Puram
Town Planning,Construction not done as per approved plan (Building Bye Law Violations),Hosahalli
Road Maintenance(Engg),Footpath,Nagapura
Sanitation,Public toilet(s) blockage,Bellandur
Electrical,Earthing Issue relate to Electric Poles/Panel Boards,Nagarabhavi
Solid Waste (Garbage) Related,Garbage nuisance while transporting,Vishwanathnagenahalli
Electrical,Park Lights Not Working,Padmanabha Nagar
Forest,Removal of dead/fallen trees,Binnipet
Parks and Play grounds,Issues Related to Parks/Medians/Circles/Island.,Jakkasandra
Solid Waste (Garbage) Related,Garbage nuisance while transporting,Azad Nagar
Road Maintenance(Engg),water leakage on road,Okalipuram
E khata / Khata services,Other Khata / ekhata issues,Shakambari Nagar
Town Planning,Delay in issuing building permit,Kottigepalya
E khata / Khata services,Other Khata / ekhata issues,Kamakshipalya
Revenue Department,Unable to generate the property tax challan,K.R.Market
Welfare Schemes,Onti Mane,Rayapuram
Property Tax services,Other property tax issues,K.R.Market
E khata / Khata services,Ekhata Area Correction,Giri Nagar
Road Maintenance(Engg),UnAuthorised Constructions,Maruthi Mandira Ward
Health Dept,Air/Noise pollution,Gandhi Nagar
E khata / Khata services,eKhata - name Mismatch,Chokkasandra
Road Maintenance(Engg),water leakage on road,Bapuji Nagar
project/ project division they'll take needful action,Shankar Murthy/HS,,
Projects Central,Potholes,T-Dasarahalli
Road Maintenance(Engg),Overhanging cables,Mangammanapalya
Electrical,Earthing Issue relate to Electric Poles/Panel Boards,Kushal Nagar
E khata / Khata services,Khata / Ekhata mutation / transfer,Anjanapur
Solid Waste (Garbage) Related,Complaint against SW collector/ SWM official for violation of SWM Rules,Vannarpet
Revenue Department,Others (JC),Rajarajeshwari Nagar
Road Maintenance(Engg),water leakage on road,Shanthi Nagar
E khata / Khata services,Do not issue ekhata,Maruthi Mandira Ward
veterinary,Anti Rabies Vaccination of stray dogs,Garudacharpalya
Road Maintenance(Engg),footpath encroachment,Adugodi
Sanitation,Urination in Public/Open Defecation,Kempapura Agrahara
Solid Waste (Garbage) Related,Public dustbins not cleaned,Ramaswamy Palya
Indira Canteen,Food Quality,Malleshwaram
Health Dept,Spraying,Jayamahal
Road Maintenance(Engg),Road cutting,Deepanjali Nagar
Town Planning,Construction not done as per approved plan (Building Bye Law Violations),Vignana Nagar
Markets,Encroachment,Ganga Nagar
Markets,Encroachment,Benniganahalli
Markets,Encroachment,Mangammanapalya
Markets,Encroachment,Sunkenahalli
veterinary,Animal Cruelty/Relocated,Horamavu
veterinary,Stray cattle related complaints,Sampangiram Nagar
veterinary,Stray cattle related complaints,Hombegowda Nagar
Town Planning,Construction not done as per approved plan (Building Bye Law Violations),Bellandur
veterinary,Request for ABC,C.V.Raman Nagar
veterinary,Animal Surgery gone wrong,Vidyaranyapura
veterinary,Animal Cruelty/Relocated,Varthur
veterinary,Animal Cruelty/Relocated,Uttarahalli
veterinary,Animal Cruelty/Relocated,Marathalli
Town Planning,UnAuthorised Building Constructions,Bellandur
Road Maintenance(Engg),footpath encroachment,Yeshwanthpur
E khata / Khata services,ekhata approval pending with ARO,Subedarapalya
Town Planning,UnAuthorised Building Constructions,Siddapura
E khata / Khata services,ekhata approval pending with ARO,Padmanabha Nagar
E khata / Khata services,Khata / Ekhata mutation / transfer,Kumaraswamy Layout
E khata / Khata services,Ekhata in previous owner name,Rajarajeshwari Nagar
Town Planning,Construction not done as per approved plan (Building Bye Law Violations),Vijay Nagar
veterinary,Stray cattle related complaints,Basaveshwara Nagar
Electrical,Street Lights Switched On During Day Time,Marappana Palya
Solid Waste (Garbage) Related,Garbage nuisance while transporting,Kadugondanahalli
Parks and Play grounds,Issues Related to Parks/Medians/Circles/Island.,Jalahalli
Optical Fiber Cables (OFC),Without permission digging of road,Domlur
Sanitation,Public toilet(s) cleaning,Vijay Nagar
Electrical,Earthing Issue relate to Electric Poles/Panel Boards,K.R.Puram
Parks and Play grounds,Gym/Children Play equipment in the parks,Shettyhalli
Markets,Violation of rules by Shop rent / Leaser,C.V.Raman Nagar
Markets,Encroachment,Jayanagar East
Electrical,Park Lights Not Working,Gandhi Nagar
Town Planning,Noise during Building Construction,Dharmarayaswamy Temple Ward
E khata / Khata services,Ekhata - name correction,Garudacharpalya
veterinary,Request for ABC,Jakkasandra
Town Planning,Construction not done as per approved plan (Building Bye Law Violations),Yelahanka old Satellite Town
Information Technology,App Related Issues,Garudacharpalya
Kindly Check once,,
,Iranna/System Admin,,
veterinary,Request for ABC,Vidyaranyapura
E khata / Khata services,eKhata - name Mismatch,Bilekahalli
Road Maintenance(Engg),Overhanging cables,Jnanabharathi Ward
Solid Waste (Garbage) Related,Public dustbins not cleaned,Hemmigepura
Sanitation,Public toilet(s) blockage,Dodda Bidarkallu
Storm  Water Drain(SWD),Garbage thrown in storm water drain,C.V.Raman Nagar
not closed,Rajanna/EE,,
Town Planning,Construction not done as per approved plan (Building Bye Law Violations),Dattathreya Temple
Welfare Schemes,Onti Mane,Kushal Nagar
veterinary,Illegal pet shop / Animal cruelty / license check,Sanjay Nagar
Indira Canteen,Staff Related,Hampi Nagar
Health Dept,Increase in mosquito density,Sarakki
Road Maintenance(Engg),water leakage on road,Nagapura
E khata / Khata services,ekhata approval pending with ARO,Padarayanapura
Health Dept,Fogging,Dharmarayaswamy Temple Ward
Road Maintenance(Engg),water stagnation,K.R.Market
Electrical,Requirement For New Street Lights,Rayapuram
Markets,Encroachment,Dharmarayaswamy Temple Ward
Town Planning,Noise during Building Construction,J.P.Nagar
CORONA COVID19,Overcharging,Hagadooru
veterinary,Request for ABC,Bellandur
E khata / Khata services,ekhata approval pending with ARO,Hegganahalli
Revenue Department,Others (JC),Gali Anjaneya Swamy Temple Ward
Electrical,Park Lights Not Working,Gangenahalli
Road Maintenance(Engg),footpath encroachment,Sagayapuram
Electrical,Earthing Issue relate to Electric Poles/Panel Boards,Rajagopala Nagar
Solid Waste (Garbage) Related,Garbage dumping in vacant sites,Rayapuram
Advertisement,Flex and banners,Deepanjali Nagar
Road Maintenance(Engg),Potholes,Agaram
Solid Waste (Garbage) Related,Garbage dumping in vacant sites,Basaveshwara Nagar
Health Dept,Unhygienic premises in Hotel etc,Kammanahalli
Parks and Play grounds,Gym/Children Play equipment in the parks,Aramane Nagar
veterinary,Stray pig related complaints,Garudacharpalya
Health Dept,Dengue positive,Peenya Industrial Area
Health Dept,Fogging,Shivaji Nagar
Solid Waste (Garbage) Related,Garbage transfer not as per norms & area not kept clean,Chalavadipalya
Electrical,Earthing Issue relate to Electric Poles/Panel Boards,S.K.Garden
Water Crisis,Water related issue,Sudam Nagar
Markets,Encroachment,Hongasandra
Solid Waste (Garbage) Related,Burning of Garbage in Open Space,Shanthi Nagar
Forest,Issues related Snakes/Birds/Monkeys,Vignana Nagar
Estate,Encroachment,Vijanapura
Sanitation,Urination in Public/Open Defecation,Marenahalli
Markets,Illegal Parking,Hongasandra
Town Planning,UnAuthorised Building Constructions,Jakkasandra
Markets,Encroachment,Gottigere
Storm  Water Drain(SWD),Garbage thrown in storm water drain,Jnanabharathi Ward
Solid Waste (Garbage) Related,Sweeping not done,Neelasandra
Road Maintenance(Engg),footpath encroachment,Chamrajpet
Markets,Encroachment,Basavanagudi
Health Dept,Dengue positive,Maruthi Seva Nagar
Health Dept,Dengue positive,Subhash Nagar
Town Planning,Construction not done as per approved plan (Building Bye Law Violations),Jayangar
Sanitation,Public toilet(s) blockage,HBR Layout
Solid Waste (Garbage) Related,Garbage nuisance while transporting,Karisandra
E khata / Khata services,Other Khata / ekhata issues,Rajagopala Nagar
Solid Waste (Garbage) Related,Burning of Garbage in Open Space,Maruthi Seva Nagar
E khata / Khata services,eKhata - name Mismatch,Kadugodi
Road Maintenance(Engg),water leakage on road,Agrahara Dasarahalli
Sanitation,Public toilet(s) blockage,Anjanapur
E khata / Khata services,eKhata - name Mismatch,Jnanabharathi Ward
Lakes,Lake not maintained properly,Thanisandra
Electrical,Open Electrical Junction Box,Malleshwaram
Electrical,Earthing Issue relate to Electric Poles/Panel Boards,Maruthi Seva Nagar
veterinary,Animal Cruelty/Relocated,Bilekahalli
Markets,Encroachment,Hombegowda Nagar
Markets,Encroachment,Gali Anjaneya Swamy Temple Ward
veterinary,Stray cattle related complaints,Mangammanapalya
Solid Waste (Garbage) Related,Public dustbins not cleaned,Jagajeevanram Nagar
Road Maintenance(Engg),water leakage on road,Jalahalli
Parks and Play grounds,Environmental protection,Banashankari Temple Ward
E khata / Khata services,new Khata / Ekhata registration / creation,Sanjay Nagar
Sanitation,Urination in Public/Open Defecation,Visvesvarapuram
Town Planning,Construction not done as per approved plan (Building Bye Law Violations),Byatarayanapura
E khata / Khata services,Khata / Ekhata mutation / transfer,Shanthala Nagar
E khata / Khata services,ekhata approval pending with ARO,Jayamahal
Health Dept,Zonal Violation of the Building,Maruthi Seva Nagar
Electrical,Requirement For New Street Lights,Azad Nagar
E khata / Khata services,ekhata approval pending with ARO,Shakambari Nagar
E khata / Khata services,ekhata approval pending with ARO,Ganeshmandira Ward
Others,Others,Adugodi
Revenue Department,Others (JC),Sarakki
Projects Central,Road furnitures,Malleshwaram
veterinary,Pet dog licence,Basavanapura
veterinary,Stray cattle related complaints,Ganga Nagar
E khata / Khata services,Ekhata missing in online,Sri Nagar
E khata / Khata services,Other Khata / ekhata issues,Aramane Nagar
veterinary,Stray cattle related complaints,Gandhi Nagar
veterinary,Request for ABC,Byatarayanapura
Sanitation,Urination in Public/Open Defecation,Doddabommasandra
E khata / Khata services,ekhata approval pending with ARO,Nayandanahalli
Indira Canteen,Food Quantity,Hampi Nagar
Solid Waste (Garbage) Related,Public dustbins not cleaned,Begur
veterinary,Animal birth control/neutering of stray dogs,Agaram
Call Center,Call center Issues,K.R.Puram
Sanitation,Urination in Public/Open Defecation,Gayathri Nagar
veterinary,Anti Rabies Vaccination of stray dogs,Koramangala
Health Dept,Increase in mosquito density,K.R.Market
veterinary,Animal Cruelty/Relocated,Vidyaranyapura
Health Dept,Fogging,Shettyhalli
Town Planning,UnAuthorised Building Constructions,Ejipura
Storm  Water Drain(SWD),Maintenance of SWD,Ulsoor
Storm  Water Drain(SWD),Sewerage water left in SWD,Maruthi Seva Nagar
Traffic Engineer Cell (TEC),TEC,Kengeri
E khata / Khata services,ekhata approval pending with ARO,Jagajeevanram Nagar
Welfare Schemes,Onti Mane,HBR Layout
2021-22 AMC Works Tender was invited by SWD,South Zone,the application was trasfered under 6/3 to EE
Revenue Department,Others (JC),Kengeri
Markets,Violation of rules by Shop rent / Leaser,Sarvagna Nagar
Revenue Department,Others (JC),T-Dasarahalli
Welfare Schemes,Onti Mane,Benniganahalli
Solid Waste (Garbage) Related,Complaint against SW collector/ SWM official for violation of SWM Rules,Sagayapuram
E khata / Khata services,Ekhata missing in online,Basaveshwara Nagar
Revenue Department,Unable to generate the property tax challan,Nagapura
Health Dept,Dengue positive,Jayachamarajendra Nagar
Lakes,Lake not maintained properly,Ulsoor
Town Planning,UnAuthorised Building Constructions,Vijanapura
Health Dept,Fogging,Sagayapuram
Forest,Issues related Snakes/Birds/Monkeys,Domlur
Parks and Play grounds,Gym/Children Play equipment in the parks,Pulikeshi Nagar
E khata / Khata services,ekhata approval pending with ARO,Sampangiram Nagar
Town Planning,UnAuthorised Building Constructions,Ramaswamy Palya
Road Maintenance(Engg),UnAuthorised Constructions,Shankaramata
Road Maintenance(Engg),UnAuthorised Constructions,Nandini Layout
Revenue Department,Unable to generate the property tax challan,Mahalakshmipuram
Markets,Rent Payment,Basavanapura
veterinary,Request for ABC,Bommanahalli
veterinary,Stray cattle related complaints,Jeevanbhima Nagar
Information Technology,Others(Technical or Software Issues),Sri Nagar
Call Center,Call center Issues,Dayananda Nagar
Health Dept,Spraying,K.R.Market
E khata / Khata services,Other Khata / ekhata issues,Shanthi Nagar
veterinary,Animal birth control/neutering of stray dogs,Sudam Nagar
E khata / Khata services,Other Khata / ekhata issues,Ulsoor
Solid Waste (Garbage) Related,Complaint against SW collector/ SWM official for violation of SWM Rules,Chikkalasandra
Estate,Violation of rules by property Leasers,Hoodi
Electrical,Open Electrical Junction Box,Sanjay Nagar
veterinary,Request for ARV,J.P.Park
E khata / Khata services,eKhata - name Mismatch,Shettyhalli
Road Maintenance(Engg),Potholes,Neelasandra
veterinary,Animal Rescue - Not well - Requires attention,Hosakerehalli
Electrical,Street Lights Switched On During Day Time,Chikkalasandra
Health Dept,Increase in mosquito density,Lakshmidevi Nagar
Road Maintenance(Engg),water leakage on road,Attiguppe
Solid Waste (Garbage) Related,Garbage transfer not as per norms & area not kept clean,Gayathri Nagar
Advertisement,Unsafe Hoardings,Kottigepalya
Solid Waste (Garbage) Related,Segregation of waste is not done,Arakere
Electrical,Earthing Issue relate to Electric Poles/Panel Boards,Bagalagunte
veterinary,Anti Rabies Vaccination of stray dogs,HBR Layout
Parks and Play grounds,Gym/Children Play equipment in the parks,Subramanya Nagar
Health Dept,Birth & Death Registration,Byrasandra
Water Crisis,Water related issue,Jayachamarajendra Nagar
Revenue Department,Discrepancy In Khata Certificate and Khata Extract,Kushal Nagar
Lakes,Dumping of garbage into lake,Benniganahalli
E khata / Khata services,ekhata approval pending with ARO,Vijanapura
Lakes,Dumping of garbage into lake,Jakkur
Indira Canteen,Others,Sudduguntepalya
Health Dept,Air/Noise pollution,Aramane Nagar
E khata / Khata services,ekhata approval pending with ARO,HAL Airport
Health Dept,Air/Noise pollution,Peenya Industrial Area
Solid Waste (Garbage) Related,Garbage nuisance while transporting,J.P.Park
veterinary,Animal Cruelty/Ill-Treated / Abused,Doddanekkundi
Road Maintenance(Engg),water leakage on road,Gangenahalli
Solid Waste (Garbage) Related,Garbage transfer not as per norms & area not kept clean,Gali Anjaneya Swamy Temple Ward
Water Crisis,Water related issue,Doddanekkundi
E khata / Khata services,Ekhata - name correction,HAL Airport
E khata / Khata services,eKhata - name Mismatch,Byatarayanapura
veterinary,Request for ABC,Shettyhalli
veterinary,Request for ABC,Kadugodi
E khata / Khata services,Other Khata / ekhata issues,Katriguppe
E khata / Khata services,Ekhata missing in online,S.K.Garden
veterinary,Animal Cruelty/Ill-Treated / Abused,Bilekahalli
veterinary,Dog, cat Poor conditions / Breeding license validation,Begur
Solid Waste (Garbage) Related,Garbage nuisance while transporting,Shanthala Nagar
Electrical,Street Lights Switched On During Day Time,Jalahalli
Property Tax services,Property tax refund / adjustment,Rajarajeshwari Nagar
E khata / Khata services,Ekhata Area Correction,Okalipuram
veterinary,Request for ARV,Banaswadi
Currently this property available in Case Worker(cw_50_2_1_bbmp; cw_50_2_2_bbmp; cw_50_s1_bbmp; cw_50_s2_bbmp; cw_50_s3_bbmp; cw_50_s4_bbmp; cw_50_s5_bbmp) forward list.,Jayashree/ARO,,
Call Center,Call center Issues,Subramanya Nagar
Projects Central,Stagnation of water on road/ Water logging,Subhash Nagar
E khata / Khata services,Ekhata in previous owner name,Thanisandra
Sanitation,Urination in Public/Open Defecation,A.Narayanapura
veterinary,Animal Death Need cremartion support,Horamavu
E khata / Khata services,Other Khata / ekhata issues,Nagapura
CORONA COVID19,Others,Giri Nagar
E khata / Khata services,ekhata approval pending with ARO,Nagarabhavi
E khata / Khata services,ekhata approval pending with ARO,Jayachamarajendra Nagar
E khata / Khata services,ekhata approval pending with ARO,Moodalapalya
veterinary,Dog, cat Poor conditions / Breeding license validation,Bagalagunte
Solid Waste (Garbage) Related,Segregation of waste is not done,Kammanahalli
veterinary,Pet dog licence,Deepanjali Nagar
E khata / Khata services,Ekhata - name correction,Katriguppe
veterinary,Stray/Rabid dog bite,Sri Rammandira
E khata / Khata services,Ekhata - name correction,Sri Rammandira
Health Dept,Unhygienic premises in Hotel etc,Shanthala Nagar
Health Dept,Fogging,Sarvagna Nagar
Lakes,Dumping of construction & Demolition waste in to lake,Uttarahalli
veterinary,Dog, cat Poor conditions / Breeding license validation,Ejipura
veterinary,Feeder Harassment by Association / Gated Community,Dodda Bidarkallu
E khata / Khata services,Other Khata / ekhata issues,Madiwala
veterinary,Stray/Rabid dog bite,Govindraja Nagara
veterinary,Anti Rabies Vaccination of stray dogs,Jayanagar East
Parks and Play grounds,Play Grounds,Jnanabharathi Ward
veterinary,"Pet licensing / Pet shop licensing  / Breeder licensing ",Ulsoor
Road Maintenance(Engg),footpath encroachment,Nayandanahalli
Parks and Play grounds,Issues Related to Parks/Medians/Circles/Island.,Konanakunte
E khata / Khata services,Ekhata - name correction,Shakthiganapathi Nagar
veterinary,Dog bite pet dog,Doddanekkundi
Road Maintenance(Engg),Overhanging cables,Konanakunte
Electrical,Requirement For New Street Lights,Basaveshwara Nagar
Forest,Issues related Snakes/Birds/Monkeys,Malleshwaram
Road Maintenance(Engg),Overhanging cables,Giri Nagar
Parks and Play grounds,Gym/Children Play equipment in the parks,Anjanapur
Traffic Engineer Cell (TEC),TEC,Kodigehalli
Indira Canteen,Food Quantity,Mathikere
Traffic Engineer Cell (TEC),TEC,Sudam Nagar
Town Planning,Construction not done as per approved plan (Building Bye Law Violations),Kammanahalli
Advertisement,Flex and banners,Jayamahal
E khata / Khata services,Ekhata - name correction,Agaram
E khata / Khata services,Ekhata - name correction,Kamakshipalya
E khata / Khata services,eKhata - name Mismatch,Nagapura
E khata / Khata services,Do not issue ekhata,Bellandur
veterinary,Stray cattle related complaints,Kottigepalya
E khata / Khata services,Other Khata / ekhata issues,Manorayanapalya
Health Dept,Air/Noise pollution,Mathikere
Lakes,Insufficient lake security personnel,Doddanekkundi
Electrical,Street Lights Switched On During Day Time,Azad Nagar
Electrical,Requirement For New Street Lights,J.P.Park
Parks and Play grounds,Environmental protection,Lakshmidevi Nagar
Lakes,Lake being encroached,Thanisandra
E khata / Khata services,Other Khata / ekhata issues,Padarayanapura
Health Dept,Air/Noise pollution,Vijanapura
Advertisement,Flex and banners,Vidyaranyapura
Health Dept,Unhygienic premises in Hotel etc,Visvesvarapuram
Lakes,Lake fencing damaged,A.Narayanapura
Information Technology,App Related Issues,A.Narayanapura
kindly note it in the relevant screen grab with relevant screen shot.,,
Road Maintenance(Engg),water stagnation,Dayananda Nagar
Sanitation,Urination in Public/Open Defecation,Dr.Rajkumar Ward
Others,Others,Agrahara Dasarahalli
Town Planning,Delay in issuing building permit,Jakkasandra
Electrical,Earthing Issue relate to Electric Poles/Panel Boards,Vasanthapura
Revenue Department,Unable to Generate the receipt after property tax payment.,Mahalakshmipuram
E khata / Khata services,Ekhata - name correction,Hebbal
E khata / Khata services,Ekhata - name correction,Ulsoor
Markets,Encroachment,Puttenahalli
Solid Waste (Garbage) Related,Garbage dumping in vacant sites,Lakshmidevi Nagar
Storm  Water Drain(SWD),Maintenance of SWD,T-Dasarahalli
E khata / Khata services,Ekhata - name correction,Kumaraswamy Layout
E khata / Khata services,new Khata / Ekhata registration / creation,Kamakshipalya
Revenue Department,Discrepancy In Khata Certificate and Khata Extract,Mahalakshmipuram
E khata / Khata services,Ekhata in previous owner name,Ejipura
veterinary,Stray cattle related complaints,Hosakerehalli
E khata / Khata services,Ekhata Area Correction,Bagalagunte
Sanitation,Public toilet(s) blockage,Cottonpet
E khata / Khata services,Ekhata - name correction,Jayanagar East
Welfare Schemes,Onti Mane,Hagadooru
E khata / Khata services,eKhata - name Mismatch,Agrahara Dasarahalli
E khata / Khata services,Ekhata Area Correction,Prakash Nagar
E khata / Khata services,Ekhata Area Correction,Kumaraswamy Layout
Road Infrastructure,Road Infrastructure,Okalipuram
Health Dept,Spraying,Sri Rammandira
Town Planning,UnAuthorised Building Constructions,Jayangar
E khata / Khata services,Ekhata - name correction,Moodalapalya
veterinary,Pet dog licence,Hosakerehalli
E khata / Khata services,eKhata - name Mismatch,Ramamurthy Nagar
Health Dept,Birth & Death Registration,Basaveshwara Nagar
Parks and Play grounds,Gym/Children Play equipment in the parks,Domlur
Sanitation,Urination in Public/Open Defecation,Herohalli
Call Center,Call center Issues,Rajaji Nagar
Health Dept,Zonal Violation of the Building,Doddanekkundi
Advertisement,Flex and banners,Kamakshipalya
Road Maintenance(Engg),Overhanging cables,Kaveripura
Revenue Department,Unable to generate the property tax challan,Dharmarayaswamy Temple Ward
Electrical,Earthing Issue relate to Electric Poles/Panel Boards,Doddabommasandra
Health Dept,Spraying,Hosahalli
Sanitation,Urination in Public/Open Defecation,Govindraja Nagara
veterinary,Stray pig related complaints,Dodda Bidarkallu
E khata / Khata services,ekhata approval pending with ARO,Prakash Nagar
Education,Academic Issues.,Vignana Nagar
E khata / Khata services,ekhata approval pending with ARO,Kempapura Agrahara
E khata / Khata services,Other Khata / ekhata issues,Chikpete
Revenue Department,Discrepancy In Khata Certificate and Khata Extract,Sarvagna Nagar
Solid Waste (Garbage) Related,Complaint against SW collector/ SWM official for violation of SWM Rules,Sri Nagar
E khata / Khata services,Ekhata Area Correction,Someshwara
Property Tax services,Other property tax issues,Jakkur
Health Dept,Air/Noise pollution,Dattathreya Temple
Parks and Play grounds,Gym/Children Play equipment in the parks,Vasanthapura
Indira Canteen,Others,J.P.Park
Revenue Department,Others (JC),Ejipura
Revenue Department,Discrepancy In Khata Certificate and Khata Extract,Maruthi Mandira Ward
Revenue Department,Unable to generate the property tax challan,Binnipet
Solid Waste (Garbage) Related,Burning of Garbage in Open Space,Malleshwaram
Health Dept,Air/Noise pollution,Malleshwaram
E khata / Khata services,Ekhata Area Correction,Maruthi Mandira Ward
E khata / Khata services,Khata / Ekhata mutation / transfer,Mahalakshmipuram
Electrical,Requirement For New Street Lights,S.K.Garden
Health Dept,Dengue positive,Yeshwanthpur
Health Dept,Dengue positive,Moodalapalya
Indira Canteen,Food Quality,Govindraja Nagara
Revenue Department,Others (JC),Hegganahalli
Revenue Department,Others (JC),Mathikere
veterinary,Mutton/Chicken/fish stall Unhygienic maintenance,Jayachamarajendra Nagar
Call Center,Call center Issues,Hagadooru
Property Tax services,Property tax owner name not updated,Mangammanapalya
Call Center,Call center Issues,Mahalakshmipuram
Road Maintenance(Engg),Road side drains,Maruthi Mandira Ward
Health Dept,Unavailability of staff,Gottigere
Solid Waste (Garbage) Related,Public dustbins not cleaned,Newthippasandra
Others,Others,Jagajeevanram Nagar
E khata / Khata services,eKhata - name Mismatch,Vidyaranyapura